0.9414868 -0.0065895 -0.0058591 -0.0043349 0.0131973 0.0047490 0.0125951 -0.0063600 -0.0103338 -0.0056850 -0.0077000 -0.0086476 0.0075228 0.0070889 0.0120781 0.0086486 0.0062919 -0.0065731 0.0021357 -0.0071405 0.0018825 0.0020661 0.0015147 0.0005432 0.0070862 0.0057254 -0.0047650 0.0063166 0.0056012 0.0069065 0.0059239 0.0052962 0.0086199 0.0070463 0.0009729 0.0106947 0.0103394 0.0042217 0.0079632 0.0036885 0.0009791 0.0038620 0.0058874 -0.0006666 0.0037724 0.0020795 0.0043611 0.0066771 -0.0072408 -0.0009699 0.0028935 0.0047282 0.0096756 0.0039699 -0.0003403 0.0105096 0.0040333 0.0077781 0.0084942 0.0111226 0.0083173 0.0080824 0.0024723 0.0089377 0.0072122 0.0092782 0.0062424 0.0081389 0.0043248 0.0004265 0.0053632 0.0101627 0.0117823 0.0036122 0.0058235 -0.0017011 0.0050731 0.0041610 0.0121915 0.0052785 0.0029662 0.0078591 0.0043212 0.0064566 0.0062253 0.0053876 0.0059777 0.0017828 0.0057357 0.0125675 0.0080565 0.0113518 0.0086626 0.0101123 0.0165452 0.0033127 0.0055411 -0.0057195 0.0056121 0.0081781 -0.1058814 -0.1066966 -0.1076395 -0.0975039 -0.1015791 -0.0681268 -0.0982769 -0.0969617 -0.1086490 -0.0931729 -0.1043579 -0.0934925 -0.0972277 -0.1003698 -0.1056535 -0.1077257 -0.1039520 -0.1075417 -0.1031366 -0.1037808 -0.1015843 -0.1002804 -0.1043789 -0.1014041 -0.1002278 -0.1073027 -0.1023093 -0.0927686 0.0016754 0.0039152 -0.0204178 0.0073675 0.0035530 0.0073432 0.0066999 0.0058881 0.0059664 0.0100919 0.0081008 0.0056947 0.0030162 0.0074211 0.0057006 0.0002658 0.0122045 0.0093247 0.0087597 0.0080626 0.0003571 0.0078086 0.0042069 0.0013675 0.0028061 0.0043533 -0.0012193 0.0071262 0.0091267 0.0072308 0.0056213 0.0073375 0.0078342 0.0047105 0.0098111 0.0059266 0.0053692 0.0075729 0.0044897 0.0032465 0.0096991 0.0122541 0.0023243 0.0019859 0.0082269 0.0048034 0.0071238 0.0013652 0.0039143 0.0096931 0.0040447 0.0024270 0.0088645 0.0093174 -0.0000971 0.0059254 0.0067606 0.0052646 0.0067469 0.0108671 0.0065878 0.0064673 0.0044754 0.0069350 0.0137573 0.0046276 0.0060920 0.0022459 0.0067552 0.0118666 0.0085937 0.0067823 0.0107304 0.0112235 0.0107941 0.0086524 0.0086294 0.0117310 0.0075253 0.0095324 0.0091742 0.0050463 0.0022506 0.0122217 0.0135008 0.0148385 0.0115774 0.0042318 0.0053443 0.0128883 0.0027960 0.0060546 0.0033858 0.0135200 0.0076987 0.0094745 0.0103245 0.0113554 0.0051859 0.0052662
-0.0065895 1.0127320 0.0563448 -0.0007677 -0.0040329 -0.0079362 -0.0071558 0.0480296 0.0404753 0.0427419 0.0499491 0.0499372 -0.0059175 -0.0096779 -0.0078970 -0.0096269 -0.0095066 0.0461234 -0.0065313 0.0338669 -0.0084698 -0.0095539 -0.0076733 -0.0078784 -0.0090137 -0.0096251 -0.0071558 -0.0093072 -0.0085894 -0.0102137 -0.0101340 -0.0069521 -0.0091623 -0.0074734 -0.0079392 -0.0092803 -0.0098168 -0.0076853 -0.0100609 -0.0110507 -0.0096044 -0.0089044 -0.0095868 -0.0078599 -0.0081330 -0.0111171 -0.0085617 -0.0087203 -0.0013332 -0.0071641 -0.0100533 -0.0093231 -0.0078524 -0.0096237 -0.0090453 -0.0107066 -0.0064839 -0.0088568 -0.0093816 -0.0090994 -0.0098124 -0.0094015 -0.0089619 -0.0108588 -0.0087365 -0.0088021 -0.0071878 -0.0069376 -0.0106605 -0.0101199 -0.0099945 -0.0075082 -0.0082431 -0.0085016 -0.0102288 -0.0040858 -0.0085449 -0.0089058 -0.0090729 -0.0078629 -0.0099174 -0.0076921 -0.0085588 -0.0078201 -0.0105955 -0.0073051 -0.0104566 -0.0087890 -0.0074937 -0.0079782 -0.0083816 -0.0088592 -0.0092769 -0.0100712 -0.0079872 -0.0066753 -0.0079027 0.0486964 -0.0057721 -0.0087235 0.0739440 0.0751110 0.0749085 0.0710324 0.0721546 0.0493017 0.0704264 0.0713853 0.0754389 0.0717399 0.0731377 0.0707144 0.0708948 0.0714052 0.0733311 0.0756032 0.0732662 0.0751897 0.0727881 0.0735089 0.0708275 0.0708808 0.0734674 0.0726304 0.0714755 0.0748108 0.0724736 0.0704881 -0.0092981 -0.0082919 0.0130128 -0.0104595 -0.0089959 -0.0072993 -0.0060037 -0.0080535 -0.0082570 -0.0095858 -0.0095600 -0.0096707 -0.0089954 -0.0084087 -0.0085675 -0.0088041 -0.0078029 -0.0109239 -0.0093231 -0.0089887 -0.0100706 -0.0088531 -0.0069209 -0.0093960 -0.0094949 -0.0098147 -0.0078469 -0.0080855 -0.0087825 -0.0091112 -0.0108900 -0.0086514 -0.0091787 -0.0079330 -0.0096682 -0.0075164 -0.0089037 -0.0068537 -0.0100135 -0.0092988 -0.0087634 -0.0101762 -0.0079011 -0.0057949 -0.0091524 -0.0101210 -0.0100417 -0.0091850 -0.0081299 -0.0087852 -0.0091358 -0.0067458 -0.0081731 -0.0092204 -0.0079429 -0.0099470 -0.0099317 -0.0086402 -0.0095254 -0.0102147 -0.0083059 -0.0085211 -0.0084572 -0.0067909 -0.0080684 -0.0073953 -0.0094434 -0.0060765 -0.0103266 -0.0068938 -0.0077146 -0.0066610 -0.0073324 -0.0067393 -0.0091726 -0.0065773 -0.0077423 -0.0095228 -0.0089373 -0.0087796 -0.0086660 -0.0091959 -0.0098230 -0.0082178 -0.0082403 -0.0088311 -0.0102296 -0.0087074 -0.0089803 -0.0086453 -0.0074489 -0.0088776 -0.0091384 -0.0087497 -0.0087352 -0.0085067 -0.0073918 -0.0061044 -0.0089425 -0.0101910
-0.0058591 0.0563448 1.0209898 0.0001817 -0.0035919 -0.0082380 -0.0067528 0.0593656 0.0477760 0.0486595 0.0616958 0.0606608 -0.0064576 -0.0101244 -0.0078204 -0.0105097 -0.0106941 0.0561553 -0.0063982 0.0433509 -0.0096952 -0.0106743 -0.0083412 -0.0087752 -0.0096112 -0.0107421 -0.0085444 -0.0097559 -0.0097785 -0.0108333 -0.0110022 -0.0067897 -0.0099371 -0.0073705 -0.0090022 -0.0100869 -0.0100820 -0.0083980 -0.0109966 -0.0119176 -0.0097728 -0.0095218 -0.0108232 -0.0080535 -0.0088440 -0.0119819 -0.0095942 -0.0095171 -0.0026356 -0.0080147 -0.0111870 -0.0100398 -0.0086934 -0.0105572 -0.0106157 -0.0116098 -0.0067535 -0.0093245 -0.0102087 -0.0092500 -0.0102918 -0.0100799 -0.0093169 -0.0121234 -0.0093260 -0.0088062 -0.0070564 -0.0066742 -0.0118833 -0.0108369 -0.0115304 -0.0071100 -0.0088152 -0.0093661 -0.0108675 -0.0052983 -0.0094283 -0.0091691 -0.0097382 -0.0085756 -0.0106225 -0.0081001 -0.0089103 -0.0085794 -0.0114518 -0.0075376 -0.0115712 -0.0094615 -0.0083683 -0.0083714 -0.0091099 -0.0091299 -0.0100488 -0.0109453 -0.0079145 -0.0062372 -0.0086590 0.0592409 -0.0056235 -0.0093278 0.0753658 0.0766915 0.0762800 0.0729639 0.0737541 0.0506196 0.0720630 0.0731635 0.0767565 0.0742101 0.0744950 0.0729713 0.0724591 0.0727029 0.0749356 0.0770956 0.0744959 0.0765120 0.0743420 0.0752351 0.0725269 0.0723777 0.0750209 0.0744175 0.0729528 0.0761654 0.0741097 0.0727281 -0.0103879 -0.0089679 0.0137484 -0.0114074 -0.0092137 -0.0077388 -0.0054922 -0.0081224 -0.0090244 -0.0098264 -0.0104521 -0.0102857 -0.0099917 -0.0091250 -0.0093820 -0.0099726 -0.0079998 -0.0118272 -0.0101306 -0.0093930 -0.0111883 -0.0091309 -0.0067791 -0.0104910 -0.0109095 -0.0113853 -0.0082565 -0.0080053 -0.0094347 -0.0097312 -0.0125102 -0.0085549 -0.0091793 -0.0083520 -0.0106276 -0.0076024 -0.0097122 -0.0073055 -0.0115369 -0.0108075 -0.0096162 -0.0110407 -0.0084099 -0.0047865 -0.0101675 -0.0114699 -0.0111180 -0.0095853 -0.0084772 -0.0091314 -0.0100986 -0.0070197 -0.0090800 -0.0104342 -0.0091636 -0.0107391 -0.0107649 -0.0099012 -0.0105666 -0.0109470 -0.0090380 -0.0089975 -0.0088039 -0.0072434 -0.0082716 -0.0082688 -0.0102348 -0.0062172 -0.0113824 -0.0070177 -0.0085089 -0.0059448 -0.0073922 -0.0069973 -0.0098641 -0.0065382 -0.0081293 -0.0104278 -0.0095553 -0.0090721 -0.0092321 -0.0098341 -0.0109631 -0.0086961 -0.0081989 -0.0090691 -0.0110440 -0.0095317 -0.0102690 -0.0083598 -0.0076456 -0.0095044 -0.0097741 -0.0095110 -0.0090309 -0.0089929 -0.0071557 -0.0055746 -0.0100237 -0.0105513
-0.0043349 -0.0007677 0.0001817 0.9812187 -0.0012935 0.0041739 -0.0018308 -0.0006854 -0.0020333 -0.0005098 -0.0005456 -0.0008775 -0.0003440 0.0000475 -0.0013409 -0.0020566 -0.0011300 -0.0006623 -0.0021664 -0.0010098 -0.0003617 -0.0053484 0.0005678 0.0010184 0.0031720 -0.0003147 -0.0034707 0.0007943 -0.0007906 -0.0003758 0.0009533 -0.0026204 -0.0014664 -0.0004815 0.0003669 -0.0049779 -0.0026431 -0.0030862 0.0019816 0.0005067 0.0006700 -0.0009715 -0.0020004 0.0019261 0.0007228 -0.0007892 0.0018098 -0.0012512 -0.0000347 -0.0021076 0.0001398 -0.0002038 0.0027018 0.0015968 -0.0008889 -0.0023223 -0.0020808 -0.0013719 -0.0013620 -0.0034379 -0.0062209 0.0005195 0.0036289 -0.0027387 -0.0024033 -0.0015780 0.0017907 0.0059307 0.0032440 0.0036375 -0.0004326 -0.0028443 0.0015439 -0.0000366 0.0013205 -0.0024458 0.0017483 -0.0023147 0.0013934 0.0002535 -0.0004824 0.0006947 0.0006528 0.0043922 -0.0007748 -0.0025950 -0.0002149 -0.0011695 0.0019211 0.0023875 0.0002688 -0.0004646 0.0024259 -0.0029176 0.0066083 0.0062200 0.0015338 -0.0001420 0.0010857 -0.0010426 -0.0293834 -0.0304444 -0.0311375 -0.0310544 -0.0321675 -0.0194695 -0.0310685 -0.0310750 -0.0307917 -0.0256692 -0.0297218 -0.0316199 -0.0295562 -0.0293942 -0.0298706 -0.0307511 -0.0300877 -0.0297231 -0.0287078 -0.0265138 -0.0272215 -0.0265300 -0.0320875 -0.0319368 -0.0296291 -0.0311597 -0.0297616 -0.0294304 -0.0034692 0.0010537 -0.0038679 -0.0026779 -0.0004122 -0.0009699 -0.0054067 -0.0032325 -0.0005946 0.0011169 -0.0016820 -0.0015295 -0.0022043 -0.0032372 0.0017776 -0.0008008 -0.0020192 -0.0044567 0.0007245 -0.0015468 -0.0007976 -0.0078245 -0.0018045 0.0012867 -0.0011904 0.0005578 -0.0019504 -0.0016368 -0.0008151 -0.0019079 -0.0029142 0.0005933 -0.0003206 -0.0059842 -0.0011481 -0.0042319 0.0013340 -0.0022721 -0.0021528 -0.0002945 0.0039651 -0.0045501 0.0059189 -0.0015912 0.0004216 -0.0017621 -0.0019048 0.0038043 0.0021860 0.0061356 -0.0029845 -0.0004343 -0.0023353 0.0021278 -0.0040918 -0.0006885 -0.0015417 0.0004026 0.0006293 -0.0017947 0.0002472 0.0007749 0.0055419 0.0043446 -0.0023934 -0.0016008 -0.0000775 0.0034137 -0.0047056 0.0049620 0.0016958 -0.0001318 0.0030594 0.0019982 -0.0001225 0.0030266 0.0001973 -0.0002434 -0.0003367 -0.0044308 0.0002552 0.0036765 0.0001393 0.0036228 -0.0037991 0.0032763 0.0031282 0.0085301 -0.0007106 0.0000893 0.0002744 -0.0011834 0.0022205 0.0021653 -0.0014360 0.0017654 -0.0011068 0.0008987 0.0000798 0.0054376
0.0131973 -0.0040329 -0.0035919 -0.0012935 0.9533091 0.0011768 0.0086161 -0.0040066 -0.0079599 -0.0032492 -0.0051685 -0.0057748 0.0011644 0.0039274 0.0066150 0.0040961 0.0054478 -0.0042651 0.0036151 -0.0035248 0.0029640 -0.0002071 -0.0008988 0.0017062 0.0104014 0.0048275 -0.0006975 0.0054127 0.0057715 0.0098524 0.0061594 0.0089899 0.0102181 0.0002913 0.0034687 0.0048415 0.0090447 0.0035959 0.0064742 0.0061187 0.0055422 0.0021905 0.0042221 0.0111698 0.0021896 0.0059618 -0.0001085 0.0017471 -0.0088625 0.0014007 0.0013433 0.0041634 0.0050215 0.0038102 0.0017213 0.0101193 0.0068951 0.0024107 0.0093172 0.0013125 0.0070720 0.0049965 0.0034233 0.0094038 0.0060755 0.0048207 0.0061749 0.0052347 0.0075489 0.0045717 0.0046268 0.0009290 0.0045768 0.0049680 0.0024566 -0.0014795 0.0077564 0.0077141 0.0048532 0.0063937 0.0049016 0.0066224 0.0086544 0.0074546 0.0061781 0.0115152 0.0021339 -0.0031622 0.0054063 0.0077452 0.0100058 0.0036412 0.0082492 0.0049599 0.0074485 0.0098413 0.0103131 -0.0037629 0.0080851 0.0034850 -0.0933401 -0.0931532 -0.0944219 -0.0863743 -0.0877208 -0.0620324 -0.0868441 -0.0866923 -0.0939306 -0.0837241 -0.0912147 -0.0826918 -0.0860424 -0.0872969 -0.0923919 -0.0947154 -0.0938450 -0.0943571 -0.0914569 -0.0904965 -0.0867400 -0.0887629 -0.0930293 -0.0886363 -0.0883249 -0.0936158 -0.0889621 -0.0829808 0.0031894 0.0094521 -0.0201040 0.0081989 0.0107922 0.0049119 0.0030544 0.0075208 0.0041495 0.0083327 0.0095953 0.0049906 0.0028421 0.0040394 0.0042984 0.0033695 0.0053477 0.0055413 0.0038505 0.0073425 0.0068886 0.0120016 0.0035477 0.0015844 0.0033259 0.0042253 0.0011515 0.0040191 0.0080379 0.0057562 0.0031136 0.0071826 0.0044312 0.0036067 0.0063897 0.0015065 0.0031803 0.0078879 0.0024124 0.0031472 0.0043044 0.0073028 0.0073015 0.0026638 0.0033431 0.0064690 0.0051253 0.0083156 0.0032063 0.0066508 0.0048796 0.0063766 0.0065144 0.0112051 0.0016917 0.0061238 0.0064244 0.0023901 0.0075898 0.0071924 0.0026466 0.0036082 0.0023620 0.0076976 0.0096117 0.0065668 0.0037233 0.0023728 0.0091422 0.0080935 0.0028880 0.0124290 0.0081030 0.0049970 0.0040518 0.0027457 0.0098337 0.0025294 0.0069976 0.0072872 0.0059781 0.0081830 0.0029936 0.0096352 0.0054808 0.0126482 0.0094229 0.0072081 0.0030729 0.0111116 0.0051245 0.0037741 0.0107401 0.0087652 0.0106085 0.0076816 0.0120957 0.0076757 0.0056417 0.0064252
0.0047490 -0.0079362 -0.0082380 0.0041739 0.0011768 0.9614257 0.0049139 -0.0078752 -0.0104950 -0.0076964 -0.0093712 -0.0096755 0.0053570 0.0062090 0.0052803 0.0082799 0.0060732 -0.0077757 0.0067791 -0.0062495 0.0008900 0.0067289 0.0051764 0.0012767 0.0086635 0.0068055 -0.0013240 0.0046703 0.0054948 0.0045398 0.0081802 0.0041912 0.0079793 0.0030362 -0.0011061 0.0056822 0.0042821 0.0054319 0.0020423 0.0053247 0.0057682 0.0051160 0.0064043 0.0047944 0.0056455 0.0026079 0.0030619 0.0044117 -0.0050746 0.0012513 0.0087151 0.0066601 0.0053709 0.0055980 0.0041262 0.0031638 0.0019937 0.0070889 0.0066316 0.0082826 0.0040720 0.0061933 0.0053620 0.0073057 0.0065896 0.0025894 0.0012106 0.0055063 0.0083610 0.0082936 0.0029868 0.0064990 0.0079129 0.0074942 0.0050880 -0.0001664 0.0001347 0.0064290 0.0052506 0.0016793 0.0063461 0.0088653 0.0054290 0.0053588 0.0071908 0.0056893 0.0053008 0.0047396 0.0059181 0.0102694 0.0044376 0.0059576 0.0041194 0.0065381 0.0149927 0.0037932 0.0100920 -0.0076127 0.0093091 0.0036690 -0.0899445 -0.0893048 -0.0906424 -0.0835722 -0.0872681 -0.0536197 -0.0817273 -0.0835972 -0.0905084 -0.0819280 -0.0871240 -0.0810885 -0.0827589 -0.0837781 -0.0877338 -0.0910323 -0.0888024 -0.0909344 -0.0855756 -0.0877305 -0.0837476 -0.0846754 -0.0881160 -0.0863038 -0.0841653 -0.0902294 -0.0839349 -0.0802249 0.0088587 0.0103973 -0.0166277 0.0078793 0.0033626 0.0034741 0.0049394 0.0071150 0.0047373 0.0097729 0.0047483 0.0064215 0.0010158 0.0064105 0.0057132 0.0043944 0.0085449 0.0062715 0.0082612 0.0034110 0.0052059 0.0056159 0.0041799 0.0064109 0.0031375 0.0062450 0.0045302 0.0063324 0.0046558 0.0052913 0.0054829 0.0023372 0.0046198 0.0066968 0.0050584 0.0022599 0.0052282 0.0063412 0.0040990 0.0053625 0.0045914 0.0081120 0.0047975 0.0046960 0.0057201 0.0058886 0.0064295 0.0057873 0.0074363 0.0022376 0.0070949 0.0062586 0.0056953 0.0058336 0.0028851 0.0054468 0.0093851 0.0074165 0.0076849 0.0058390 0.0043161 0.0051871 0.0087573 0.0059480 0.0045408 0.0044985 0.0054943 0.0041210 0.0059281 0.0063320 0.0057436 0.0075058 0.0089795 0.0047554 0.0083664 0.0101684 0.0081953 0.0094866 0.0041895 0.0082183 0.0089173 0.0063778 0.0050784 0.0051399 0.0027122 0.0032110 0.0032361 0.0061483 0.0086858 0.0102499 0.0027074 0.0074289 0.0076062 0.0073717 0.0079895 0.0035603 0.0098754 0.0056335 0.0068113 0.0054800
0.0125951 -0.0071558 -0.0067528 -0.0018308 0.0086161 0.0049139 0.9559472 -0.0070757 -0.0109329 -0.0067122 -0.0084560 -0.0089888 0.0041883 0.0140183 0.0035507 0.0049721 0.0099880 -0.0073684 0.0059087 -0.0072038 0.0031972 0.0033489 -0.0013395 0.0008140 0.0048332 0.0019663 -0.0012244 0.0064928 0.0017001 0.0098899 0.0070536 0.0101008 0.0135646 -0.0012139 0.0039111 0.0034232 0.0066688 0.0046799 0.0075267 0.0114069 0.0037748 -0.0008591 0.0041547 0.0093865 0.0053211 0.0060632 0.0013196 0.0046274 -0.0062270 -0.0009407 0.0054880 0.0065450 0.0008298 0.0041051 0.0045729 0.0104436 0.0070317 0.0042383 0.0026153 0.0039380 0.0067391 0.0063234 0.0084572 0.0052153 0.0091625 0.0068064 0.0087288 0.0057291 0.0042757 0.0062244 0.0025794 0.0038414 0.0050690 0.0104098 0.0064747 -0.0003657 0.0060305 0.0142298 0.0092953 0.0061774 0.0111242 0.0050044 0.0105596 0.0069821 0.0084644 0.0043592 0.0047399 0.0028208 0.0082411 0.0076998 0.0104765 0.0072439 0.0056807 0.0035875 0.0066576 0.0067979 0.0107213 -0.0068328 0.0058502 0.0049595 -0.1025122 -0.1034646 -0.1040701 -0.0930047 -0.0982672 -0.0674344 -0.0943407 -0.0955464 -0.1049208 -0.0933468 -0.1000604 -0.0906047 -0.0950458 -0.0957118 -0.1028020 -0.1053749 -0.1022503 -0.1040843 -0.0995587 -0.0994509 -0.0972779 -0.0973052 -0.1025251 -0.0974524 -0.0984600 -0.1040706 -0.1002592 -0.0872091 0.0069000 0.0038330 -0.0240901 0.0077717 0.0083130 0.0060729 0.0065274 0.0055433 0.0059714 0.0040861 0.0099560 0.0048144 0.0017487 0.0044249 0.0018792 0.0033568 0.0122544 0.0080227 0.0062261 0.0072082 0.0053114 0.0065159 0.0005345 0.0046581 0.0026613 0.0056231 0.0019632 0.0105244 0.0084420 0.0100879 0.0077223 0.0092893 0.0078861 0.0083853 0.0119605 0.0104060 0.0080223 0.0009920 0.0053211 0.0062598 0.0070671 0.0106982 0.0053249 0.0058349 0.0046459 0.0041519 0.0025695 0.0062687 0.0090333 0.0038953 0.0073427 0.0063740 0.0063871 0.0044859 0.0023800 0.0058013 0.0068640 0.0026776 0.0055848 0.0083560 0.0041983 0.0057270 0.0067023 0.0052694 0.0052455 0.0037622 0.0031890 0.0040996 0.0078206 0.0040045 0.0059810 0.0057649 0.0097695 0.0090943 0.0093707 0.0107539 0.0074626 0.0064079 0.0104887 0.0104047 0.0036289 0.0033949 0.0026750 0.0163561 0.0107585 0.0110108 0.0096292 0.0070327 0.0029181 0.0061400 0.0048925 0.0046611 0.0056259 0.0043326 0.0128355 0.0064229 0.0086202 0.0109312 0.0103516 0.0067267
-0.0063600 0.0480296 0.0593656 -0.0006854 -0.0040066 -0.0078752 -0.0070757 1.0145451 0.0408946 0.0415135 0.0517357 0.0516997 -0.0058931 -0.0097401 -0.0076390 -0.0095999 -0.0094238 0.0482075 -0.0059318 0.0362328 -0.0083227 -0.0096341 -0.0075392 -0.0078592 -0.0088864 -0.0098003 -0.0075184 -0.0089014 -0.0086635 -0.0099084 -0.0103825 -0.0066238 -0.0090778 -0.0071940 -0.0080404 -0.0091665 -0.0091839 -0.0076773 -0.0100693 -0.0109452 -0.0093742 -0.0087900 -0.0095409 -0.0073369 -0.0081167 -0.0111098 -0.0087178 -0.0087195 -0.0016655 -0.0073588 -0.0100768 -0.0093737 -0.0081197 -0.0095527 -0.0093216 -0.0107264 -0.0064356 -0.0085135 -0.0095044 -0.0091577 -0.0093760 -0.0095193 -0.0091176 -0.0108272 -0.0089264 -0.0084789 -0.0071072 -0.0068692 -0.0109168 -0.0098738 -0.0101729 -0.0070762 -0.0083704 -0.0084778 -0.0098116 -0.0044249 -0.0084629 -0.0086867 -0.0090878 -0.0078942 -0.0096999 -0.0076826 -0.0079400 -0.0079536 -0.0103401 -0.0073251 -0.0105278 -0.0087333 -0.0077206 -0.0078564 -0.0084327 -0.0086752 -0.0089833 -0.0102011 -0.0080316 -0.0064413 -0.0082006 0.0501338 -0.0060424 -0.0086866 0.0723692 0.0734948 0.0730947 0.0695856 0.0705955 0.0482522 0.0690011 0.0696324 0.0735819 0.0702889 0.0713138 0.0690148 0.0693763 0.0697242 0.0718447 0.0738297 0.0714573 0.0734433 0.0710712 0.0717416 0.0692688 0.0692959 0.0719474 0.0709335 0.0698810 0.0730986 0.0711675 0.0688590 -0.0092874 -0.0080295 0.0128232 -0.0106633 -0.0087998 -0.0076001 -0.0054958 -0.0080308 -0.0085068 -0.0090786 -0.0091927 -0.0093276 -0.0090351 -0.0082662 -0.0085019 -0.0088307 -0.0071202 -0.0110960 -0.0091148 -0.0087213 -0.0101118 -0.0088977 -0.0068188 -0.0095956 -0.0094869 -0.0101522 -0.0079165 -0.0080342 -0.0086320 -0.0089603 -0.0111726 -0.0082415 -0.0086259 -0.0080962 -0.0096406 -0.0076432 -0.0089777 -0.0064686 -0.0100848 -0.0094371 -0.0092277 -0.0100457 -0.0078553 -0.0059093 -0.0095117 -0.0102317 -0.0098569 -0.0093479 -0.0078126 -0.0086074 -0.0090646 -0.0063494 -0.0082574 -0.0091563 -0.0082360 -0.0099009 -0.0098597 -0.0087415 -0.0094853 -0.0102673 -0.0082847 -0.0083869 -0.0083746 -0.0072175 -0.0079821 -0.0074295 -0.0092811 -0.0060934 -0.0105483 -0.0065672 -0.0080457 -0.0059955 -0.0072839 -0.0066307 -0.0092166 -0.0067275 -0.0075557 -0.0096730 -0.0086863 -0.0085944 -0.0086631 -0.0093003 -0.0100129 -0.0082347 -0.0080179 -0.0085585 -0.0106311 -0.0089249 -0.0089743 -0.0080851 -0.0074025 -0.0087545 -0.0093913 -0.0090068 -0.0087376 -0.0084012 -0.0072147 -0.0058080 -0.0091705 -0.0093324
-0.0103338 0.0404753 0.0477760 -0.0020333 -0.0079599 -0.0104950 -0.0109329 0.0408946 1.0335233 0.0356478 0.0434696 0.0446163 -0.0081839 -0.0124823 -0.0112296 -0.0111814 -0.0118265 0.0386670 -0.0096391 0.0326654 -0.0091990 -0.0114806 -0.0089649 -0.0082861 -0.0121756 -0.0113625 -0.0072873 -0.0117466 -0.0100723 -0.0129086 -0.0126538 -0.0102381 -0.0125805 -0.0101267 -0.0086695 -0.0110657 -0.0126621 -0.0100986 -0.0127635 -0.0134708 -0.0126260 -0.0104605 -0.0108710 -0.0110343 -0.0103645 -0.0137267 -0.0094412 -0.0106950 0.0010392 -0.0086419 -0.0113331 -0.0114460 -0.0111702 -0.0110285 -0.0097896 -0.0134184 -0.0089434 -0.0117874 -0.0123311 -0.0119311 -0.0124039 -0.0121553 -0.0121324 -0.0128969 -0.0120294 -0.0120454 -0.0107554 -0.0105392 -0.0131594 -0.0120140 -0.0117067 -0.0102128 -0.0116889 -0.0116858 -0.0130855 -0.0033097 -0.0110220 -0.0117437 -0.0121830 -0.0101672 -0.0117777 -0.0103137 -0.0114609 -0.0097203 -0.0135110 -0.0095902 -0.0122788 -0.0107367 -0.0107641 -0.0112457 -0.0112431 -0.0121875 -0.0118114 -0.0122652 -0.0123366 -0.0099609 -0.0112865 0.0409344 -0.0090339 -0.0116009 0.1065277 0.1077411 0.1079527 0.1011344 0.1033296 0.0697085 0.0998877 0.1007106 0.1087049 0.1008198 0.1048200 0.0985336 0.1005598 0.1022342 0.1059473 0.1090553 0.1055223 0.1083166 0.1042266 0.1050429 0.1007710 0.1014300 0.1061424 0.1032642 0.1024278 0.1076787 0.1032937 0.0984320 -0.0113252 -0.0113643 0.0179262 -0.0138500 -0.0119930 -0.0110251 -0.0091113 -0.0106090 -0.0102398 -0.0123308 -0.0127305 -0.0120080 -0.0096077 -0.0106153 -0.0110245 -0.0097968 -0.0113269 -0.0133967 -0.0115591 -0.0111651 -0.0117529 -0.0124065 -0.0093018 -0.0119791 -0.0100141 -0.0114403 -0.0094796 -0.0120439 -0.0116054 -0.0121318 -0.0124330 -0.0120651 -0.0119719 -0.0110250 -0.0122194 -0.0108370 -0.0119203 -0.0088523 -0.0116004 -0.0107721 -0.0119180 -0.0134571 -0.0108848 -0.0099258 -0.0123828 -0.0111685 -0.0120526 -0.0108677 -0.0105516 -0.0119993 -0.0111879 -0.0091968 -0.0111353 -0.0113934 -0.0080337 -0.0123900 -0.0125515 -0.0098251 -0.0117831 -0.0133937 -0.0103367 -0.0109195 -0.0104911 -0.0097460 -0.0111553 -0.0091015 -0.0111241 -0.0088899 -0.0129803 -0.0093678 -0.0098033 -0.0102805 -0.0113389 -0.0095878 -0.0119685 -0.0106827 -0.0105675 -0.0125022 -0.0112165 -0.0117169 -0.0114763 -0.0111976 -0.0109758 -0.0118957 -0.0118636 -0.0126003 -0.0132980 -0.0113683 -0.0106764 -0.0123468 -0.0097277 -0.0113496 -0.0117843 -0.0115991 -0.0125009 -0.0112640 -0.0112490 -0.0103148 -0.0109129 -0.0122825
-0.0056850 0.0427419 0.0486595 -0.0005098 -0.0032492 -0.0076964 -0.0067122 0.0415135 0.0356478 1.0144475 0.0433719 0.0440308 -0.0053935 -0.0093841 -0.0070333 -0.0091989 -0.0088248 0.0397465 -0.0061216 0.0295336 -0.0083111 -0.0093755 -0.0071701 -0.0073690 -0.0085490 -0.0093364 -0.0070093 -0.0086732 -0.0082300 -0.0092018 -0.0095738 -0.0062138 -0.0090561 -0.0068560 -0.0073530 -0.0085626 -0.0091206 -0.0077054 -0.0098392 -0.0107332 -0.0092443 -0.0083300 -0.0089444 -0.0072939 -0.0075989 -0.0105280 -0.0079680 -0.0084290 -0.0013126 -0.0069351 -0.0097934 -0.0086714 -0.0078509 -0.0089299 -0.0087160 -0.0099757 -0.0061496 -0.0081236 -0.0093569 -0.0085910 -0.0093968 -0.0091226 -0.0088051 -0.0104451 -0.0085651 -0.0083413 -0.0063934 -0.0067515 -0.0103268 -0.0092138 -0.0095541 -0.0067538 -0.0075703 -0.0083795 -0.0096951 -0.0039596 -0.0080912 -0.0082244 -0.0085428 -0.0072196 -0.0091284 -0.0071505 -0.0077748 -0.0071864 -0.0099950 -0.0065207 -0.0099396 -0.0081796 -0.0073147 -0.0072952 -0.0078702 -0.0079406 -0.0088017 -0.0098141 -0.0072077 -0.0058914 -0.0078099 0.0426604 -0.0050884 -0.0082307 0.0710390 0.0721827 0.0719591 0.0682617 0.0695512 0.0474181 0.0680089 0.0687698 0.0724028 0.0692534 0.0703768 0.0676591 0.0683473 0.0686320 0.0704844 0.0726423 0.0701768 0.0720830 0.0699910 0.0709966 0.0682996 0.0682045 0.0707595 0.0696930 0.0687391 0.0718524 0.0697334 0.0674530 -0.0091269 -0.0077187 0.0122567 -0.0098948 -0.0081888 -0.0071645 -0.0053757 -0.0073546 -0.0082595 -0.0087871 -0.0089018 -0.0090136 -0.0086985 -0.0080775 -0.0082845 -0.0083374 -0.0072356 -0.0104034 -0.0089668 -0.0081494 -0.0095778 -0.0081964 -0.0064111 -0.0094645 -0.0088252 -0.0094310 -0.0072095 -0.0073386 -0.0083805 -0.0083970 -0.0105566 -0.0079542 -0.0087056 -0.0074441 -0.0092549 -0.0072768 -0.0086073 -0.0063499 -0.0096340 -0.0090366 -0.0083062 -0.0097715 -0.0076763 -0.0053616 -0.0090292 -0.0094888 -0.0093030 -0.0087416 -0.0073370 -0.0082999 -0.0087499 -0.0063499 -0.0077835 -0.0089867 -0.0076086 -0.0097502 -0.0092069 -0.0081033 -0.0090333 -0.0099401 -0.0078048 -0.0080435 -0.0078450 -0.0064887 -0.0074667 -0.0070143 -0.0089259 -0.0059466 -0.0096568 -0.0061691 -0.0072598 -0.0057508 -0.0069025 -0.0061286 -0.0083647 -0.0066275 -0.0075206 -0.0092641 -0.0084626 -0.0080665 -0.0082961 -0.0085572 -0.0092588 -0.0076355 -0.0078959 -0.0082945 -0.0098696 -0.0081459 -0.0086832 -0.0078565 -0.0068008 -0.0084173 -0.0085169 -0.0083482 -0.0080687 -0.0077360 -0.0065639 -0.0054986 -0.0083256 -0.0096441
-0.0077000 0.0499491 0.0616958 -0.0005456 -0.0051685 -0.0093712 -0.0084560 0.0517357 0.0434696 0.0433719 1.0243300 0.0541082 -0.0072551 -0.0112881 -0.0092431 -0.0109666 -0.0107746 0.0490958 -0.0076841 0.0383460 -0.0093665 -0.0110134 -0.0087027 -0.0087697 -0.0105594 -0.0109624 -0.0081033 -0.0104320 -0.0099445 -0.0118213 -0.0116071 -0.0081452 -0.0108407 -0.0085521 -0.0089054 -0.0103518 -0.0108914 -0.0091182 -0.0116386 -0.0128707 -0.0112194 -0.0096421 -0.0105986 -0.0090326 -0.0093360 -0.0127908 -0.0094833 -0.0099807 -0.0011684 -0.0079437 -0.0111495 -0.0107913 -0.0093760 -0.0107265 -0.0101934 -0.0122881 -0.0076456 -0.0100108 -0.0108879 -0.0104517 -0.0112464 -0.0109544 -0.0105115 -0.0124368 -0.0104691 -0.0100130 -0.0085646 -0.0084739 -0.0122593 -0.0113132 -0.0115151 -0.0084528 -0.0100717 -0.0101752 -0.0115256 -0.0044025 -0.0102486 -0.0101393 -0.0110094 -0.0088477 -0.0112958 -0.0091637 -0.0099327 -0.0090963 -0.0121889 -0.0080632 -0.0116293 -0.0101305 -0.0092278 -0.0093311 -0.0098371 -0.0104329 -0.0108646 -0.0114188 -0.0094294 -0.0078521 -0.0094213 0.0515527 -0.0072148 -0.0102870 0.0875736 0.0888473 0.0886880 0.0837350 0.0853641 0.0581337 0.0831922 0.0839827 0.0893079 0.0845247 0.0864107 0.0832054 0.0836883 0.0846110 0.0870244 0.0895384 0.0867101 0.0889199 0.0859470 0.0866216 0.0835966 0.0837979 0.0873206 0.0853609 0.0846282 0.0884336 0.0856013 0.0826777 -0.0107295 -0.0092737 0.0154074 -0.0122198 -0.0105310 -0.0091905 -0.0070465 -0.0091869 -0.0096398 -0.0109029 -0.0110696 -0.0108783 -0.0100792 -0.0095014 -0.0101093 -0.0100217 -0.0091335 -0.0125483 -0.0107989 -0.0102069 -0.0115130 -0.0107463 -0.0079209 -0.0113699 -0.0103651 -0.0115051 -0.0089420 -0.0097129 -0.0103485 -0.0103480 -0.0124444 -0.0100575 -0.0102182 -0.0095142 -0.0110759 -0.0088831 -0.0102265 -0.0081083 -0.0116163 -0.0105640 -0.0104642 -0.0119252 -0.0093753 -0.0067294 -0.0107482 -0.0111454 -0.0114700 -0.0103094 -0.0091448 -0.0100392 -0.0102949 -0.0077548 -0.0096859 -0.0106980 -0.0091341 -0.0112896 -0.0112259 -0.0096964 -0.0107987 -0.0119712 -0.0096709 -0.0099746 -0.0096427 -0.0085585 -0.0094879 -0.0084164 -0.0105991 -0.0071737 -0.0118093 -0.0082274 -0.0089112 -0.0074529 -0.0089754 -0.0080785 -0.0103843 -0.0080865 -0.0091655 -0.0115865 -0.0102781 -0.0102301 -0.0100828 -0.0105355 -0.0110722 -0.0097940 -0.0098892 -0.0098976 -0.0118789 -0.0100825 -0.0105371 -0.0102348 -0.0085024 -0.0102740 -0.0107083 -0.0105605 -0.0102879 -0.0097946 -0.0082940 -0.0073662 -0.0105006 -0.0114942
-0.0086476 0.0499372 0.0606608 -0.0008775 -0.0057748 -0.0096755 -0.0089888 0.0516997 0.0446163 0.0440308 0.0541082 1.0286652 -0.0074069 -0.0117528 -0.0099573 -0.0112906 -0.0112430 0.0487632 -0.0078868 0.0384833 -0.0098420 -0.0115297 -0.0090416 -0.0088244 -0.0109805 -0.0116025 -0.0081941 -0.0110407 -0.0101988 -0.0123169 -0.0124589 -0.0087120 -0.0114268 -0.0088050 -0.0092390 -0.0110923 -0.0119112 -0.0097531 -0.0120357 -0.0131741 -0.0116599 -0.0102145 -0.0112527 -0.0098318 -0.0097516 -0.0134188 -0.0101869 -0.0106687 -0.0005713 -0.0083440 -0.0115049 -0.0110825 -0.0101172 -0.0110993 -0.0102446 -0.0131100 -0.0081878 -0.0106685 -0.0116796 -0.0109871 -0.0119259 -0.0117196 -0.0111397 -0.0129930 -0.0112570 -0.0110370 -0.0095286 -0.0086653 -0.0128722 -0.0118929 -0.0116683 -0.0091519 -0.0106002 -0.0104224 -0.0124768 -0.0043668 -0.0106954 -0.0110770 -0.0114351 -0.0093831 -0.0114841 -0.0093968 -0.0102365 -0.0096863 -0.0127053 -0.0088412 -0.0122255 -0.0106736 -0.0096634 -0.0102260 -0.0104243 -0.0111726 -0.0112664 -0.0120271 -0.0103207 -0.0084051 -0.0101179 0.0513793 -0.0075040 -0.0110037 0.0936569 0.0949962 0.0950034 0.0892289 0.0911994 0.0620662 0.0886910 0.0896099 0.0954270 0.0902505 0.0922833 0.0884861 0.0894686 0.0902310 0.0927289 0.0960220 0.0925952 0.0950683 0.0918380 0.0927585 0.0894898 0.0895730 0.0933838 0.0915903 0.0903097 0.0947344 0.0913339 0.0877961 -0.0112675 -0.0102034 0.0164724 -0.0130960 -0.0108138 -0.0093931 -0.0075024 -0.0095228 -0.0102262 -0.0119809 -0.0114331 -0.0114819 -0.0103497 -0.0102137 -0.0106610 -0.0101352 -0.0097115 -0.0132101 -0.0112447 -0.0106804 -0.0119254 -0.0112335 -0.0085005 -0.0116725 -0.0109231 -0.0117782 -0.0092236 -0.0107784 -0.0107460 -0.0112243 -0.0129068 -0.0105588 -0.0109015 -0.0096848 -0.0119457 -0.0094647 -0.0109436 -0.0081994 -0.0119633 -0.0110781 -0.0108641 -0.0127117 -0.0096928 -0.0074095 -0.0115510 -0.0117932 -0.0122164 -0.0107826 -0.0095008 -0.0109648 -0.0108592 -0.0081200 -0.0098886 -0.0112273 -0.0091893 -0.0121211 -0.0119918 -0.0102942 -0.0115233 -0.0128113 -0.0097828 -0.0101017 -0.0101955 -0.0090437 -0.0099902 -0.0089110 -0.0109171 -0.0075474 -0.0125507 -0.0082533 -0.0094603 -0.0081487 -0.0095353 -0.0087463 -0.0112082 -0.0087352 -0.0094006 -0.0118313 -0.0107182 -0.0106951 -0.0106459 -0.0110645 -0.0112132 -0.0101442 -0.0105887 -0.0106571 -0.0127826 -0.0107195 -0.0108503 -0.0108768 -0.0090147 -0.0108361 -0.0111773 -0.0109535 -0.0108992 -0.0104783 -0.0093758 -0.0078367 -0.0105361 -0.0121609
0.0075228 -0.0059175 -0.0064576 -0.0003440 0.0011644 0.0053570 0.0041883 -0.0058931 -0.0081839 -0.0053935 -0.0072551 -0.0074069 0.9673194 0.0088063 0.0037777 0.0015490 0.0056933 -0.0057768 -0.0019427 -0.0054439 0.0034676 0.0029307 0.0015725 -0.0008439 0.0071587 0.0014134 -0.0001073 0.0048572 0.0020236 0.0028554 0.0042685 0.0055713 0.0093612 -0.0022829 0.0057105 0.0037202 0.0028999 0.0050165 0.0047899 0.0080683 0.0069502 -0.0019018 0.0033116 0.0021789 0.0057033 0.0075881 0.0011053 -0.0006753 -0.0055710 0.0064927 0.0035174 0.0039359 0.0009354 0.0017266 0.0014570 0.0063276 -0.0013500 0.0014008 0.0057200 0.0045026 0.0043520 0.0033899 0.0059549 0.0041240 0.0062810 0.0014415 0.0033041 0.0004478 0.0031952 0.0055980 0.0023907 0.0017189 0.0081209 0.0088023 0.0033908 -0.0000960 0.0049108 -0.0004235 0.0065729 0.0024082 0.0051996 0.0061527 0.0021296 0.0039922 0.0028542 0.0030488 0.0030611 0.0045818 0.0062152 0.0059920 0.0062724 0.0041806 0.0061478 0.0028909 0.0030183 0.0038062 0.0061733 -0.0058924 0.0080723 0.0044071 -0.0699928 -0.0695019 -0.0704133 -0.0637565 -0.0673039 -0.0449189 -0.0637588 -0.0655212 -0.0705661 -0.0636396 -0.0675375 -0.0616697 -0.0651918 -0.0671506 -0.0691616 -0.0711913 -0.0696175 -0.0697845 -0.0675910 -0.0665830 -0.0664497 -0.0657313 -0.0694889 -0.0654883 -0.0668665 -0.0697006 -0.0667517 -0.0614341 0.0026008 0.0061268 -0.0138542 0.0087281 0.0043373 0.0052623 0.0011047 0.0032509 0.0019199 0.0077442 0.0065633 0.0016670 0.0031208 0.0045872 0.0047350 0.0011357 0.0063734 0.0050018 0.0044781 0.0033061 0.0034672 0.0029843 0.0036120 0.0068469 0.0031931 0.0050676 0.0011564 0.0003189 0.0013447 0.0066850 0.0027413 0.0018181 0.0036320 -0.0003658 0.0046298 -0.0005041 0.0076208 0.0030948 0.0055004 0.0021639 0.0046897 0.0028757 0.0025074 -0.0016821 0.0037062 0.0044197 0.0044997 0.0021259 0.0015063 0.0074646 0.0027142 0.0014264 -0.0003264 0.0039733 0.0032711 0.0042780 0.0034566 0.0023042 0.0028694 0.0051854 0.0051137 0.0040850 0.0057188 0.0062722 0.0044085 0.0014301 0.0055238 0.0088459 0.0025397 0.0058302 0.0044156 0.0080235 0.0103782 0.0085080 0.0049039 0.0055047 -0.0005375 0.0063028 0.0047880 0.0032531 -0.0012006 0.0085445 0.0041597 0.0075752 0.0011117 0.0035653 0.0038753 0.0035286 0.0020948 0.0013350 -0.0007399 0.0039720 0.0082931 0.0074240 0.0048733 0.0038315 0.0075182 0.0062234 0.0060781 0.0024495
0.0070889 -0.0096779 -0.0101244 0.0000475 0.0039274 0.0062090 0.0140183 -0.0097401 -0.0124823 -0.0093841 -0.0112881 -0.0117528 0.0088063 0.9528508 0.0058608 0.0073326 0.0091500 -0.0095981 0.0049617 -0.0085229 0.0073976 0.0065087 0.0047570 0.0044972 0.0045410 0.0045309 0.0028286 0.0089953 0.0043551 0.0100985 0.0090508 0.0066105 0.0095465 0.0011517 0.0031979 0.0062784 0.0089749 0.0069170 0.0081195 0.0114797 0.0096583 0.0041404 0.0078144 0.0041492 0.0061561 0.0088639 0.0035499 0.0063264 -0.0059976 0.0020884 0.0060988 0.0085740 0.0072218 0.0056616 0.0063027 0.0072718 0.0033787 0.0088871 0.0077819 0.0052456 0.0099848 0.0100934 0.0083790 0.0064704 0.0085867 0.0102476 0.0089828 0.0014960 0.0094304 0.0071625 0.0104280 0.0040023 0.0075653 0.0134336 0.0088056 -0.0003015 0.0048093 0.0109217 0.0094467 0.0048193 0.0113011 0.0078311 0.0086582 0.0103972 0.0077859 0.0038212 0.0094099 0.0049533 0.0084770 0.0048584 0.0090567 0.0098284 0.0090242 0.0083970 0.0068048 0.0046329 0.0066807 -0.0095851 0.0072816 0.0065262 -0.1058964 -0.1067314 -0.1069808 -0.0983161 -0.1029705 -0.0691185 -0.0974853 -0.0984440 -0.1077341 -0.0978507 -0.1031218 -0.0956736 -0.1008984 -0.1003443 -0.1050720 -0.1082905 -0.1055121 -0.1074694 -0.1024023 -0.1038850 -0.1005119 -0.1018714 -0.1054974 -0.1014359 -0.1014698 -0.1065063 -0.1019385 -0.0946269 0.0066710 0.0074668 -0.0226762 0.0110414 0.0090914 0.0078276 0.0045805 0.0032651 0.0074118 0.0072129 0.0101095 0.0041792 0.0054921 0.0069087 0.0069213 0.0039469 0.0109199 0.0087372 0.0080956 0.0069546 0.0094439 0.0096691 0.0033953 0.0074897 0.0060721 0.0079643 0.0045219 0.0091851 0.0085484 0.0104273 0.0082800 0.0103133 0.0110673 0.0085562 0.0088478 0.0049595 0.0068222 0.0006865 0.0098846 0.0055372 0.0084336 0.0107603 0.0053668 0.0029613 0.0105909 0.0066022 0.0056153 0.0080836 0.0062763 0.0083181 0.0067481 0.0044658 0.0057866 0.0078351 0.0065569 0.0092297 0.0101418 0.0049840 0.0073483 0.0072335 0.0076515 0.0072904 0.0046920 0.0052745 0.0052019 0.0075441 0.0069276 0.0094440 0.0081611 0.0035928 0.0063621 0.0099364 0.0082369 0.0099456 0.0073256 0.0074220 0.0065488 0.0116261 0.0120809 0.0085750 0.0054551 0.0056705 0.0070268 0.0097317 0.0143039 0.0087627 0.0121084 0.0110508 0.0071362 0.0117170 0.0031896 0.0093192 0.0075814 0.0084005 0.0129547 0.0100245 0.0107417 0.0111260 0.0063711 0.0078301
0.0120781 -0.0078970 -0.0078204 -0.0013409 0.0066150 0.0052803 0.0035507 -0.0076390 -0.0112296 -0.0070333 -0.0092431 -0.0099573 0.0037777 0.0058608 0.9470213 0.0102270 0.0079641 -0.0076678 0.0154568 -0.0076525 -0.0004022 0.0139974 0.0063498 0.0031440 0.0017872 0.0065163 -0.0012202 0.0045761 0.0042136 0.0061966 0.0052480 0.0045973 0.0076808 0.0145457 -0.0001378 0.0051884 0.0075673 0.0075168 0.0041576 0.0059314 0.0061706 0.0075668 0.0032871 0.0029389 0.0022422 0.0068408 0.0059546 0.0056850 -0.0088145 0.0023747 0.0057172 0.0051596 0.0111206 0.0051007 0.0045466 0.0058966 0.0107195 0.0021552 0.0061762 0.0100311 0.0084077 0.0055620 0.0052676 0.0074800 0.0094202 0.0109156 0.0029687 0.0151494 0.0081563 0.0078849 0.0052266 0.0065029 0.0052159 -0.0020233 0.0068460 -0.0009869 0.0071435 0.0047857 0.0059291 0.0074571 0.0086091 0.0073465 0.0034364 0.0040489 0.0119594 0.0057325 0.0072859 0.0033960 0.0098036 0.0076410 0.0031578 0.0093315 0.0072960 0.0069012 0.0122112 0.0104213 0.0075765 -0.0071844 0.0046764 0.0104423 -0.1061965 -0.1072116 -0.1091820 -0.1010045 -0.1024346 -0.0690876 -0.0985968 -0.0954328 -0.1079876 -0.0993833 -0.1038830 -0.0982574 -0.0994286 -0.1010209 -0.1050875 -0.1094072 -0.1050210 -0.1085389 -0.1031146 -0.1042591 -0.0997806 -0.0998554 -0.1052976 -0.1034648 -0.1019770 -0.1070756 -0.1013331 -0.0964852 0.0014154 0.0049125 -0.0198860 0.0072452 0.0108494 0.0112290 0.0099077 0.0106555 0.0052746 0.0075045 0.0063573 0.0094065 0.0014054 0.0070252 0.0048102 0.0051017 0.0091930 0.0048095 0.0045331 0.0074041 0.0063888 -0.0005930 0.0078208 0.0056159 0.0025546 0.0062792 0.0047047 0.0081041 0.0063408 0.0141845 0.0070513 0.0074965 0.0063287 0.0084451 0.0110745 0.0141804 0.0037542 0.0047528 0.0056229 0.0019476 0.0086521 0.0099664 0.0058959 0.0129562 0.0088453 0.0048730 0.0066880 0.0018881 0.0077440 0.0080343 0.0066522 0.0040915 0.0073820 0.0102018 0.0004416 0.0085558 0.0082278 0.0058366 0.0024822 0.0108086 0.0084512 0.0099537 0.0018245 0.0075440 0.0129815 0.0017831 0.0063132 0.0039465 0.0101839 0.0069382 0.0093705 0.0104604 0.0131408 0.0015484 0.0064552 0.0070278 0.0104648 0.0071776 0.0069554 0.0093718 0.0084282 0.0062956 0.0043604 0.0063325 0.0117958 0.0097577 0.0090972 0.0073541 0.0056202 0.0112326 0.0102317 0.0091906 0.0049502 0.0109094 0.0040369 0.0111232 0.0056342 0.0149149 0.0056081 0.0053189
0.0086486 -0.0096269 -0.0105097 -0.0020566 0.0040961 0.0082799 0.0049721 -0.0095999 -0.0111814 -0.0091989 -0.0109666 -0.0112906 0.0015490 0.0073326 0.0102270 0.9648352 0.0067354 -0.0092854 0.0073414 -0.0076468 0.0013213 0.0087557 0.0034772 0.0026412 0.0062674 0.0105284 0.0031295 0.0037399 0.0082899 0.0084852 0.0060984 0.0081411 0.0053185 0.0084371 0.0061893 0.0049338 0.0061070 0.0051755 0.0067485 0.0056489 0.0046275 0.0062549 0.0036334 0.0096093 0.0048459 0.0046535 0.0040478 0.0068053 -0.0030322 0.0055161 0.0074578 0.0047979 0.0096635 0.0036231 0.0066877 0.0068104 0.0047676 0.0052856 0.0072350 0.0082552 0.0084107 0.0043307 0.0046875 0.0084370 0.0087324 0.0044219 0.0009803 0.0000781 0.0116616 0.0074074 0.0056960 0.0064200 0.0041685 0.0044203 0.0056428 0.0005549 0.0021158 0.0039273 0.0088722 0.0018478 0.0052561 0.0086030 0.0026758 0.0051618 0.0070817 0.0076740 0.0055354 0.0063027 0.0057180 0.0087318 0.0061971 0.0083503 0.0044064 0.0085477 0.0081841 0.0033643 0.0081699 -0.0095382 0.0026511 0.0102522 -0.0876615 -0.0889249 -0.0891846 -0.0854395 -0.0864839 -0.0576608 -0.0829815 -0.0825150 -0.0899793 -0.0828726 -0.0868717 -0.0817480 -0.0828284 -0.0853206 -0.0865374 -0.0904593 -0.0878228 -0.0894207 -0.0856508 -0.0867062 -0.0825336 -0.0828003 -0.0881984 -0.0852850 -0.0837570 -0.0886336 -0.0863864 -0.0831693 0.0083066 0.0073689 -0.0150646 0.0082870 0.0060568 0.0104015 0.0065638 0.0066861 0.0057001 0.0068354 0.0064768 0.0082404 0.0044229 0.0041401 0.0028650 0.0047302 0.0050586 0.0056204 0.0045989 0.0064791 0.0047585 0.0052074 0.0065898 0.0049430 0.0067618 0.0060825 0.0027525 0.0057544 0.0071080 0.0040668 0.0066713 0.0046590 0.0047868 0.0041061 0.0094360 0.0046510 0.0044032 0.0064463 0.0057945 0.0049081 0.0081751 0.0077984 0.0089561 0.0093086 0.0034873 0.0072826 0.0067408 0.0043439 0.0041488 0.0068209 0.0055348 0.0051543 0.0045287 0.0044472 0.0039961 0.0058200 0.0088638 0.0064978 0.0071758 0.0053408 0.0058865 0.0075319 0.0084939 0.0079345 0.0088312 0.0047112 0.0086212 0.0044898 0.0077632 0.0071520 0.0078017 0.0037296 0.0068300 0.0045296 0.0074685 0.0071846 0.0055914 0.0057317 0.0053957 0.0098477 0.0071710 0.0054613 0.0053264 0.0051807 0.0069087 0.0062038 0.0067765 0.0052701 0.0088476 0.0085828 0.0011800 0.0055967 0.0053159 0.0084909 0.0066947 0.0043707 0.0029691 0.0037837 0.0053661 0.0083952
