0.000000	0.265473	0.261192	0.260842	0.260184	0.260542	0.258971	0.259991	0.258667	0.261389	0.262128	0.260972	0.262236	0.262129	0.261502	0.262236	0.259069	0.263901	0.258644	0.259620	0.260474	0.261751	0.262104	0.260554	0.262582	0.261994	0.258379	0.260896	0.261810	0.260259	0.261613	0.263968	0.261432	0.260414	0.263750	0.261465	0.262006	0.260256	0.260005	0.265696	0.263946	0.260268	0.261375	0.260188	0.260912	0.260961	0.258815	0.261620	0.260539	0.260326	0.260980	0.259832	0.260623	0.264125	0.257097	0.261311	0.260033	0.261233	0.261544	0.260529	0.262348	0.261315	0.260469	0.259516	0.263140	0.261406	0.260654	0.261825	0.262436	0.258373	0.261672	0.261120	0.260521	0.261641	0.260070	0.261450	0.261154	0.258690	0.262487	0.260111	0.258519	0.260546	0.260143	0.261119	0.257864	0.258514	0.262294	0.261125	0.261290	0.259108	0.296375	0.296021	0.297807	0.287551	0.298409	0.296782	0.297950	0.297184	0.295664	0.294557	0.297799	0.296378	0.295468	0.299014	0.298735	0.299232	0.297050	0.294625	0.294924	0.293654	0.299093	0.296317	0.262164	0.261016	0.268923	0.260172	0.261688	0.260123	0.262598	0.261743	0.259276	0.259166	0.261473	0.262901	0.260233	0.259184	0.261468	0.260705	0.261184	0.259731	0.259336	0.260373	0.263253	0.261954	0.263153	0.262834	0.259340	0.260811	0.264616	0.261307	0.261035	0.260812	0.259192	0.260816	0.260934	0.261640	0.261240	0.262323	0.261840	0.260984	0.260500	0.259186	0.260355	0.258107	0.263762	0.263413	0.260736	0.258971	0.260829	0.262424	0.261400	0.261207	0.261826	0.262181	0.261279	0.259349	0.261570	0.260040	0.259913	0.260060	0.259175	0.259294	0.260032	0.261133	0.261634	0.260185	0.258985	0.262018	0.259549	0.262602	0.259853	0.259555	0.259102	0.262939	0.260697	0.260559	0.258250	0.260013	0.260080	0.256969	0.259889	0.258110	0.258584	0.260798	0.259239	0.260407	0.259294	0.258237	0.258988	0.258787	0.259387	0.259298	0.262198	0.259886	0.262975	0.258801	0.260179	0.260724	0.260479	0.259923	0.261616	0.261380	
0.265473	0.000000	0.266971	0.265212	0.268354	0.265831	0.264666	0.266303	0.266736	0.266519	0.267579	0.265198	0.267613	0.265992	0.264434	0.266664	0.266652	0.267886	0.265427	0.266859	0.266089	0.265109	0.267961	0.266092	0.267330	0.266160	0.266973	0.266392	0.267149	0.266311	0.266561	0.265268	0.267179	0.266357	0.265646	0.264898	0.267099	0.264994	0.266721	0.267624	0.267821	0.263622	0.267384	0.264090	0.264409	0.265389	0.266389	0.267973	0.266533	0.265890	0.267148	0.266609	0.267243	0.266211	0.264297	0.266624	0.267124	0.265707	0.265321	0.263706	0.264413	0.265656	0.267047	0.264373	0.266593	0.266526	0.267052	0.265875	0.267196	0.265279	0.266290	0.265712	0.265293	0.266771	0.263949	0.266062	0.265979	0.265596	0.267407	0.264800	0.263812	0.266765	0.266289	0.264551	0.265313	0.264551	0.263886	0.264746	0.267091	0.266312	0.292308	0.291994	0.296150	0.286070	0.295839	0.295030	0.292805	0.294643	0.294006	0.293863	0.293599	0.291936	0.292551	0.293383	0.292631	0.294938	0.293596	0.295262	0.293139	0.291026	0.295283	0.294175	0.267303	0.266687	0.269624	0.267141	0.266915	0.265557	0.268319	0.267950	0.265293	0.264937	0.266854	0.267906	0.266577	0.265586	0.265616	0.265389	0.267653	0.266935	0.265264	0.265232	0.265669	0.268645	0.268778	0.266275	0.264007	0.265044	0.267045	0.267070	0.267499	0.266891	0.266646	0.266338	0.267071	0.266632	0.266981	0.268491	0.265434	0.268103	0.265542	0.264837	0.264118	0.266172	0.266643	0.267558	0.265486	0.264437	0.266096	0.265074	0.266536	0.265024	0.266800	0.268612	0.266501	0.264801	0.266575	0.264759	0.266734	0.265012	0.265792	0.265666	0.266317	0.266745	0.264549	0.263608	0.266763	0.266758	0.264692	0.265554	0.265511	0.264266	0.264478	0.266524	0.265270	0.265373	0.264495	0.264511	0.267258	0.264262	0.265445	0.266167	0.264470	0.264845	0.263786	0.264168	0.266968	0.263329	0.264073	0.261572	0.266770	0.264643	0.266872	0.265224	0.265684	0.264438	0.265100	0.265962	0.266983	0.265421	0.266189	0.263625	
0.261192	0.266971	0.000000	0.264953	0.263060	0.264851	0.262627	0.262750	0.261653	0.262712	0.264278	0.262677	0.263990	0.264377	0.263149	0.262601	0.261078	0.264662	0.262158	0.262595	0.261389	0.262700	0.263221	0.261405	0.266330	0.263162	0.263144	0.261806	0.263855	0.263375	0.262995	0.262983	0.264636	0.263266	0.263165	0.263913	0.264059	0.263667	0.262261	0.268502	0.264693	0.262628	0.262535	0.261969	0.262684	0.262367	0.260524	0.262123	0.263854	0.261617	0.266463	0.261020	0.265010	0.263828	0.258251	0.262400	0.264302	0.263380	0.264089	0.262368	0.262258	0.263127	0.264607	0.263002	0.263961	0.264731	0.264117	0.263405	0.263037	0.263539	0.262755	0.262946	0.262541	0.262904	0.260101	0.262441	0.261338	0.263742	0.266270	0.262196	0.261355	0.260936	0.264141	0.262083	0.261956	0.261832	0.261149	0.260991	0.262803	0.263732	0.296428	0.295952	0.296691	0.288322	0.297884	0.296786	0.295159	0.297764	0.295746	0.295327	0.296361	0.295988	0.296848	0.298345	0.298561	0.297744	0.297843	0.297332	0.295747	0.294158	0.297643	0.296498	0.263696	0.261106	0.271696	0.261748	0.261803	0.262124	0.264414	0.262331	0.262411	0.261766	0.262359	0.264354	0.262614	0.261921	0.262884	0.261859	0.263138	0.262491	0.262919	0.261320	0.260363	0.261900	0.264626	0.264089	0.260655	0.261483	0.265460	0.264630	0.262602	0.263247	0.262779	0.263187	0.264155	0.262577	0.263018	0.265847	0.264390	0.262781	0.262599	0.262052	0.263764	0.261586	0.264083	0.264633	0.262729	0.261425	0.263800	0.261470	0.263591	0.262730	0.261802	0.264067	0.262658	0.259857	0.263369	0.262453	0.261340	0.263332	0.261404	0.261140	0.264026	0.264152	0.264157	0.260813	0.261947	0.263265	0.263176	0.263202	0.260564	0.261816	0.262261	0.261408	0.262164	0.263322	0.261982	0.263247	0.261687	0.262043	0.261791	0.261286	0.262064	0.260500	0.260876	0.262609	0.262351	0.260375	0.260616	0.260444	0.262702	0.261102	0.263254	0.261504	0.261522	0.261352	0.260317	0.262891	0.260826	0.262650	0.261756	0.262492	
0.260842	0.265212	0.264953	0.000000	0.262799	0.261438	0.260450	0.262506	0.259842	0.261424	0.261029	0.262284	0.261584	0.261653	0.262738	0.261001	0.260925	0.264506	0.261980	0.261180	0.262439	0.259935	0.263527	0.261318	0.264804	0.265247	0.261588	0.263353	0.262341	0.264669	0.262536	0.261635	0.263466	0.261300	0.263296	0.261066	0.263909	0.261121	0.261381	0.265947	0.263929	0.257181	0.261752	0.262439	0.260899	0.260736	0.262198	0.263777	0.261758	0.260853	0.261983	0.262201	0.262433	0.263369	0.259462	0.262159	0.264612	0.264505	0.261746	0.260950	0.259406	0.263325	0.261378	0.259929	0.261289	0.262102	0.260637	0.264694	0.262604	0.261533	0.263916	0.261672	0.260548	0.262501	0.260764	0.260547	0.261229	0.261344	0.263229	0.261027	0.258964	0.261937	0.261336	0.261916	0.260387	0.258317	0.262929	0.259702	0.260363	0.261944	0.298148	0.297878	0.298845	0.286488	0.297994	0.297769	0.297421	0.298718	0.296198	0.296530	0.297809	0.295450	0.296647	0.298006	0.299486	0.298679	0.297131	0.295900	0.295979	0.295035	0.297017	0.297161	0.260543	0.258687	0.270939	0.260761	0.261572	0.262256	0.263113	0.261659	0.260477	0.259494	0.262626	0.263184	0.263449	0.260986	0.261770	0.260278	0.261745	0.260881	0.260211	0.261715	0.261957	0.262500	0.263717	0.262023	0.260985	0.261427	0.263359	0.262432	0.262976	0.261379	0.261215	0.263302	0.263834	0.260696	0.262735	0.264169	0.261792	0.262104	0.261210	0.260600	0.262939	0.259859	0.263909	0.262157	0.262057	0.259482	0.260890	0.262066	0.260962	0.263950	0.260368	0.262306	0.263310	0.260537	0.261284	0.261770	0.260139	0.260575	0.259581	0.261346	0.260774	0.262553	0.260770	0.260879	0.261840	0.262391	0.260772	0.263135	0.259877	0.261502	0.261278	0.261864	0.261599	0.261585	0.259292	0.259238	0.260854	0.259454	0.261992	0.259320	0.258791	0.261661	0.260780	0.262450	0.263050	0.262496	0.262683	0.259665	0.260699	0.258262	0.263475	0.261752	0.263446	0.260830	0.259611	0.261975	0.260278	0.261789	0.261547	0.261413	
0.260184	0.268354	0.263060	0.262799	0.000000	0.262555	0.259201	0.263993	0.260866	0.260736	0.262182	0.261514	0.263201	0.264366	0.263178	0.263672	0.262533	0.264479	0.261289	0.262896	0.260428	0.262315	0.262810	0.260552	0.266264	0.262732	0.262552	0.263696	0.262849	0.263920	0.260986	0.262711	0.265547	0.262704	0.263360	0.263173	0.263088	0.262568	0.261648	0.266740	0.264562	0.259724	0.261429	0.264002	0.262321	0.260942	0.260885	0.262454	0.262832	0.263142	0.264077	0.261347	0.263556	0.263066	0.260488	0.261211	0.263555	0.261529	0.263108	0.262793	0.261870	0.263497	0.264143	0.262459	0.261413	0.264312	0.260469	0.263350	0.263147	0.261188	0.262498	0.259285	0.262893	0.262159	0.261898	0.262095	0.262028	0.261485	0.263941	0.261623	0.260143	0.261167	0.261670	0.263430	0.262157	0.261391	0.262166	0.260700	0.263014	0.261811	0.298384	0.297380	0.299182	0.288971	0.299623	0.299009	0.299443	0.299903	0.296969	0.296989	0.298788	0.297093	0.298100	0.300134	0.299978	0.300307	0.299311	0.298152	0.297629	0.297314	0.300710	0.297848	0.262303	0.262051	0.272314	0.261969	0.261899	0.261170	0.264505	0.262080	0.261401	0.261811	0.262521	0.264136	0.262279	0.262398	0.263382	0.261187	0.261420	0.261080	0.261436	0.261401	0.262252	0.263882	0.265732	0.262206	0.261246	0.260766	0.264783	0.261732	0.261261	0.261443	0.259242	0.262786	0.263235	0.262569	0.260525	0.263183	0.262156	0.264896	0.260895	0.259638	0.262202	0.260354	0.263535	0.263983	0.263576	0.261432	0.262960	0.263906	0.262899	0.264464	0.261201	0.264080	0.262986	0.262787	0.263167	0.262489	0.261315	0.263635	0.260511	0.260202	0.263278	0.264010	0.262924	0.261886	0.262426	0.263806	0.263339	0.262930	0.259837	0.262008	0.262682	0.263988	0.262225	0.261702	0.260765	0.259943	0.261446	0.260790	0.261632	0.259690	0.262385	0.263079	0.261791	0.259935	0.261145	0.261032	0.260165	0.260069	0.262306	0.262363	0.263384	0.261890	0.262735	0.262026	0.260669	0.262922	0.262192	0.262874	0.259493	0.261473	
0.260542	0.265831	0.264851	0.261438	0.262555	0.000000	0.259354	0.261373	0.263130	0.259687	0.263854	0.259630	0.260995	0.262252	0.263080	0.262520	0.262749	0.262821	0.260305	0.262661	0.261425	0.262291	0.261168	0.260513	0.264206	0.260639	0.262115	0.262178	0.261853	0.262413	0.260941	0.259884	0.265110	0.262351	0.262672	0.260878	0.260353	0.262211	0.262512	0.267328	0.260092	0.260697	0.261640	0.262663	0.262125	0.260881	0.260663	0.264505	0.262472	0.260316	0.262015	0.260749	0.261677	0.262341	0.260089	0.259993	0.263480	0.261337	0.263911	0.262122	0.260154	0.262968	0.262969	0.259321	0.261589	0.261943	0.262326	0.262433	0.263912	0.261164	0.263130	0.261309	0.260564	0.263022	0.261553	0.262003	0.260540	0.261210	0.261874	0.259476	0.259808	0.261592	0.260529	0.259510	0.261817	0.261481	0.261598	0.260646	0.260301	0.261023	0.294257	0.294132	0.294899	0.284711	0.294978	0.294891	0.294027	0.295918	0.292960	0.293758	0.294399	0.293583	0.294770	0.295391	0.294758	0.295686	0.294773	0.294426	0.294317	0.291360	0.295764	0.293493	0.262801	0.260869	0.269511	0.259366	0.261539	0.260329	0.263535	0.262548	0.261085	0.260140	0.260876	0.263770	0.260770	0.260313	0.262651	0.261525	0.260727	0.261086	0.261315	0.261761	0.261201	0.262150	0.263427	0.261175	0.259507	0.259750	0.263981	0.262716	0.263005	0.260649	0.262018	0.262822	0.262490	0.262452	0.262785	0.264165	0.261118	0.264199	0.258749	0.261978	0.261985	0.261614	0.262389	0.263505	0.262806	0.259485	0.259602	0.263114	0.264004	0.261905	0.262230	0.263587	0.264319	0.261418	0.258890	0.262064	0.261674	0.261606	0.261288	0.261102	0.261199	0.261241	0.261136	0.258854	0.261658	0.263212	0.261853	0.259989	0.260995	0.260086	0.259701	0.261835	0.259948	0.259238	0.261005	0.260891	0.263869	0.259566	0.261049	0.260868	0.262356	0.260563	0.261126	0.261318	0.262126	0.261481	0.261419	0.260433	0.262435	0.261273	0.264637	0.261487	0.260468	0.260905	0.261377	0.261936	0.260116	0.260394	0.261195	0.262041	
0.258971	0.264666	0.262627	0.260450	0.259201	0.259354	0.000000	0.260178	0.258952	0.259758	0.260528	0.258997	0.259668	0.259218	0.258989	0.262486	0.259356	0.260868	0.257481	0.259720	0.259057	0.259144	0.261233	0.259169	0.262618	0.261434	0.259254	0.259709	0.259944	0.260145	0.258642	0.258909	0.261983	0.258927	0.261709	0.260067	0.259987	0.260693	0.259468	0.264789	0.262589	0.259822	0.260298	0.259253	0.259714	0.258084	0.259566	0.261183	0.258725	0.259832	0.261599	0.257798	0.259705	0.260136	0.258488	0.259040	0.259199	0.259305	0.261535	0.259207	0.259198	0.258457	0.261180	0.257933	0.258143	0.259896	0.260104	0.262021	0.259538	0.259138	0.260049	0.257763	0.259712	0.260207	0.257344	0.259311	0.259757	0.257804	0.260890	0.259766	0.260529	0.259460	0.259147	0.259698	0.258568	0.259069	0.260302	0.259293	0.260001	0.259001	0.296447	0.294624	0.297944	0.286662	0.297370	0.296744	0.295708	0.297768	0.295638	0.296647	0.297082	0.296624	0.296732	0.297758	0.298308	0.298411	0.298096	0.296472	0.295512	0.292444	0.297597	0.296355	0.260879	0.258606	0.270122	0.258618	0.259765	0.258883	0.260870	0.261533	0.257547	0.259767	0.259617	0.262475	0.260467	0.259397	0.259599	0.259391	0.258543	0.260160	0.259830	0.258851	0.257994	0.258703	0.262169	0.259787	0.256931	0.259120	0.261829	0.260477	0.260524	0.259001	0.258428	0.260986	0.258519	0.258828	0.260102	0.262268	0.261028	0.262769	0.258266	0.259744	0.259833	0.258420	0.261949	0.261330	0.258274	0.257783	0.260356	0.259460	0.261517	0.259562	0.259675	0.262404	0.261214	0.257420	0.258032	0.259481	0.258577	0.260103	0.258956	0.259267	0.259082	0.260158	0.261945	0.259735	0.260281	0.260427	0.258559	0.258170	0.258517	0.261285	0.260106	0.258754	0.259278	0.259003	0.259857	0.258080	0.260959	0.256889	0.256996	0.258503	0.259478	0.259577	0.258357	0.259245	0.256737	0.257824	0.258255	0.255835	0.258798	0.257160	0.261221	0.257754	0.259505	0.258877	0.257643	0.258646	0.258775	0.258322	0.259335	0.259346	
0.259991	0.266303	0.262750	0.262506	0.263993	0.261373	0.260178	0.000000	0.258182	0.261157	0.260020	0.262211	0.258268	0.260293	0.260494	0.263274	0.260200	0.263698	0.261246	0.261121	0.261298	0.260990	0.262794	0.260899	0.261717	0.264111	0.260406	0.260774	0.260633	0.262197	0.261636	0.261755	0.260360	0.262047	0.263318	0.262893	0.262026	0.260660	0.260521	0.266685	0.262740	0.258752	0.261441	0.260560	0.261462	0.259419	0.261760	0.261004	0.262835	0.261064	0.261649	0.260604	0.262596	0.262532	0.258198	0.260187	0.261999	0.262633	0.260011	0.260136	0.260318	0.261801	0.261046	0.260651	0.264933	0.261081	0.260120	0.260449	0.262430	0.261056	0.261529	0.259064	0.260053	0.263172	0.261625	0.260262	0.262091	0.259803	0.262668	0.259169	0.260587	0.261540	0.260087	0.261148	0.259897	0.259138	0.259811	0.261609	0.262040	0.259169	0.296931	0.298785	0.297919	0.288238	0.298886	0.297312	0.297686	0.300767	0.298491	0.297180	0.297755	0.295779	0.296951	0.298654	0.300796	0.298743	0.298565	0.297031	0.297162	0.293776	0.298010	0.298558	0.263660	0.262090	0.269890	0.259953	0.259685	0.259446	0.261268	0.260090	0.259428	0.260772	0.262745	0.261561	0.262217	0.258354	0.261850	0.260084	0.260973	0.262203	0.262728	0.260048	0.262195	0.264319	0.262628	0.261665	0.259561	0.259792	0.263418	0.262257	0.261310	0.257638	0.258274	0.260971	0.262489	0.261629	0.261723	0.261376	0.262205	0.262336	0.260489	0.262149	0.260819	0.259585	0.262481	0.261360	0.261975	0.259334	0.260553	0.263658	0.260363	0.261374	0.260731	0.263888	0.261411	0.259369	0.261212	0.259279	0.260689	0.260555	0.260841	0.258442	0.259986	0.259968	0.263382	0.259991	0.259899	0.261747	0.260262	0.261586	0.258010	0.261109	0.259930	0.261129	0.260093	0.262558	0.260332	0.261337	0.259931	0.258974	0.261089	0.260006	0.259184	0.260753	0.259723	0.262775	0.260151	0.259389	0.260263	0.259204	0.261402	0.259757	0.260813	0.259368	0.262379	0.259851	0.261688	0.260222	0.261144	0.259247	0.261298	0.261553	
0.258667	0.266736	0.261653	0.259842	0.260866	0.263130	0.258952	0.258182	0.000000	0.261192	0.260763	0.263365	0.259990	0.261210	0.261049	0.261263	0.257828	0.262918	0.260950	0.258692	0.259123	0.259738	0.259941	0.261348	0.261759	0.260340	0.261204	0.260900	0.260567	0.260482	0.261385	0.262218	0.262384	0.262432	0.259131	0.261494	0.262829	0.260095	0.258398	0.265096	0.262384	0.258442	0.261203	0.258796	0.261456	0.259816	0.260095	0.261599	0.261048	0.260110	0.260256	0.259294	0.262585	0.262651	0.258005	0.259426	0.262746	0.262196	0.262940	0.258669	0.258748	0.261036	0.259885	0.261296	0.261654	0.262092	0.261891	0.262203	0.260967	0.258558	0.262400	0.261471	0.258926	0.262549	0.259789	0.259377	0.259573	0.260492	0.261424	0.260278	0.258407	0.260701	0.259372	0.262130	0.258477	0.258901	0.261037	0.258426	0.261848	0.257981	0.294380	0.295928	0.297541	0.286472	0.297225	0.295496	0.296215	0.297683	0.295157	0.295678	0.297290	0.294957	0.296415	0.297147	0.297998	0.297359	0.295683	0.296188	0.295859	0.292633	0.297844	0.296883	0.259342	0.259508	0.269558	0.259606	0.261019	0.258203	0.260786	0.260600	0.258261	0.260487	0.261078	0.262220	0.261855	0.259880	0.261835	0.260132	0.261150	0.261070	0.261424	0.259848	0.260818	0.260844	0.262141	0.261830	0.257547	0.260473	0.262940	0.261022	0.261648	0.260875	0.259815	0.261912	0.261388	0.261332	0.260159	0.261962	0.260959	0.260970	0.261012	0.258961	0.258935	0.259300	0.259591	0.259316	0.261597	0.257773	0.260329	0.262522	0.261327	0.261552	0.260155	0.262990	0.261770	0.261323	0.260046	0.260458	0.259225	0.260820	0.258332	0.260351	0.260812	0.259687	0.260165	0.258718	0.259529	0.260608	0.258371	0.260892	0.258254	0.260866	0.259966	0.261703	0.260202	0.260398	0.258348	0.258663	0.260028	0.260011	0.260634	0.257183	0.259668	0.260618	0.260844	0.262403	0.259166	0.259625	0.259763	0.258738	0.259547	0.258133	0.262929	0.259614	0.262152	0.260021	0.259755	0.261923	0.261366	0.261405	0.258722	0.259058	
0.261389	0.266519	0.262712	0.261424	0.260736	0.259687	0.259758	0.261157	0.261192	0.000000	0.262668	0.260039	0.261795	0.261468	0.259912	0.262867	0.261198	0.262748	0.261257	0.261082	0.259137	0.261992	0.262822	0.261554	0.262552	0.262862	0.261109	0.261560	0.261348	0.263476	0.261387	0.260214	0.262916	0.262035	0.262286	0.262643	0.262220	0.261853	0.259639	0.266504	0.262383	0.259630	0.259873	0.261094	0.262962	0.260871	0.259278	0.262201	0.261085	0.261508	0.260717	0.260668	0.263316	0.261928	0.259507	0.263531	0.261588	0.261572	0.262204	0.261358	0.259750	0.261129	0.261319	0.261301	0.262897	0.262670	0.261787	0.262778	0.262523	0.261045	0.263003	0.259906	0.261983	0.262533	0.259891	0.263067	0.262121	0.260786	0.261332	0.259847	0.259137	0.260382	0.259734	0.260968	0.260165	0.260226	0.261454	0.259920	0.261767	0.261461	0.297313	0.298043	0.298639	0.287501	0.298859	0.297185	0.296595	0.300714	0.297472	0.296563	0.299049	0.295791	0.298427	0.298632	0.299481	0.298182	0.298391	0.297896	0.297275	0.295837	0.299102	0.299111	0.262387	0.262229	0.270467	0.260454	0.261192	0.258550	0.264324	0.262193	0.261557	0.260553	0.260869	0.263477	0.261481	0.261426	0.261512	0.259952	0.260097	0.261637	0.260659	0.262197	0.261820	0.263435	0.263568	0.261170	0.258834	0.260538	0.262865	0.261257	0.260769	0.260803	0.260382	0.261160	0.261624	0.261449	0.262857	0.263684	0.262230	0.264166	0.260101	0.261102	0.262866	0.258986	0.261800	0.263090	0.260748	0.260303	0.260322	0.264509	0.262143	0.262369	0.261285	0.262804	0.262401	0.261349	0.260108	0.261243	0.261712	0.262460	0.261798	0.260833	0.261198	0.260111	0.262399	0.259351	0.260708	0.262832	0.260980	0.261280	0.260952	0.262626	0.259237	0.261476	0.260966	0.259157	0.258970	0.260039	0.262289	0.259534	0.260511	0.260012	0.260108	0.262038	0.258569	0.260640	0.258780	0.260265	0.259776	0.258485	0.260724	0.260060	0.263045	0.262308	0.259805	0.260967	0.259590	0.259725	0.259744	0.259676	0.260292	0.262015	
0.262128	0.267579	0.264278	0.261029	0.262182	0.263854	0.260528	0.260020	0.260763	0.262668	0.000000	0.262943	0.259883	0.261082	0.262672	0.263272	0.260618	0.262667	0.260466	0.261426	0.260446	0.262334	0.263066	0.263327	0.262694	0.263374	0.262818	0.261242	0.263934	0.264914	0.262907	0.263002	0.261864	0.262733	0.262074	0.261417	0.262312	0.260912	0.259228	0.266416	0.260534	0.258884	0.260505	0.261657	0.260612	0.261520	0.260994	0.263036	0.262059	0.263452	0.262112	0.261919	0.261983	0.262485	0.259974	0.261785	0.262514	0.263322	0.261275	0.262376	0.261175	0.260355	0.261443	0.262463	0.261944	0.263220	0.261159	0.263821	0.261876	0.260676	0.260416	0.260210	0.261757	0.262592	0.261357	0.260544	0.259184	0.258778	0.261616	0.261873	0.260496	0.261161	0.260507	0.262659	0.260517	0.259778	0.262197	0.261324	0.261951	0.259868	0.297051	0.295490	0.297278	0.287651	0.298166	0.296534	0.297301	0.298399	0.295642	0.295839	0.297168	0.295878	0.295348	0.297462	0.298545	0.297769	0.297846	0.296047	0.296373	0.294396	0.297072	0.296695	0.264439	0.262132	0.269482	0.261267	0.261813	0.260601	0.262892	0.260812	0.260925	0.261557	0.263107	0.261013	0.261393	0.261417	0.261818	0.258145	0.261327	0.261396	0.262461	0.260413	0.261305	0.262995	0.260894	0.261057	0.261581	0.261662	0.263294	0.262888	0.263751	0.261458	0.261414	0.261600	0.263090	0.261304	0.261062	0.263272	0.260818	0.261801	0.259470	0.261565	0.262087	0.262040	0.263747	0.261504	0.262893	0.261412	0.260862	0.260811	0.262282	0.262065	0.260541	0.263865	0.263253	0.260300	0.261666	0.261239	0.260608	0.262376	0.261217	0.261431	0.261127	0.261928	0.262944	0.261208	0.262088	0.263368	0.261094	0.262414	0.259602	0.260988	0.260008	0.260263	0.261937	0.261986	0.260148	0.257723	0.261749	0.259301	0.262862	0.258324	0.260221	0.260741	0.260308	0.261061	0.261906	0.260694	0.261722	0.257836	0.261940	0.259833	0.260751	0.260199	0.263570	0.260881	0.261102	0.261922	0.262287	0.261231	0.260771	0.260590	
0.260972	0.265198	0.262677	0.262284	0.261514	0.259630	0.258997	0.262211	0.263365	0.260039	0.262943	0.000000	0.261802	0.258926	0.260659	0.262606	0.262275	0.261665	0.262011	0.260186	0.259302	0.260622	0.261291	0.260751	0.265365	0.262433	0.259681	0.262225	0.261532	0.262699	0.259590	0.258154	0.263022	0.258550	0.261794	0.260971	0.260371	0.262866	0.260253	0.264836	0.258761	0.259125	0.261849	0.259828	0.259960	0.259325	0.260344	0.260417	0.261189	0.260297	0.262120	0.259544	0.261125	0.262465	0.258225	0.261445	0.261994	0.259837	0.260809	0.260398	0.260019	0.260292	0.261673	0.258715	0.261270	0.260945	0.260125	0.262063	0.261802	0.261063	0.261265	0.261346	0.262781	0.261727	0.259030	0.260099	0.260637	0.258971	0.260876	0.261275	0.260927	0.259830	0.259606	0.260949	0.260073	0.258223	0.261942	0.262211	0.262071	0.259600	0.293220	0.294070	0.295927	0.284253	0.294747	0.295223	0.294631	0.296292	0.294009	0.294301	0.295235	0.292527	0.294125	0.295702	0.295611	0.295600	0.293843	0.293747	0.293833	0.291396	0.296283	0.294450	0.261766	0.261552	0.271478	0.259337	0.260960	0.260516	0.262697	0.260492	0.258919	0.260403	0.261063	0.262721	0.261978	0.259228	0.262609	0.260579	0.260964	0.261628	0.261367	0.260587	0.258471	0.260411	0.262798	0.259356	0.256576	0.260542	0.261368	0.260264	0.259669	0.261833	0.259007	0.260678	0.260090	0.260154	0.262676	0.260998	0.258212	0.263704	0.259363	0.260489	0.261343	0.258688	0.260861	0.263329	0.260081	0.258392	0.260241	0.262287	0.262085	0.260539	0.260796	0.264187	0.259342	0.258735	0.262460	0.256418	0.259849	0.260956	0.260717	0.260860	0.261497	0.260568	0.261325	0.259811	0.260274	0.261871	0.262741	0.261599	0.259382	0.261175	0.259988	0.261675	0.260095	0.259525	0.261043	0.259534	0.261771	0.258656	0.258311	0.258975	0.260367	0.263358	0.259633	0.260545	0.261361	0.257319	0.259100	0.257479	0.262717	0.259787	0.262926	0.260181	0.260648	0.261399	0.259706	0.261149	0.259861	0.260091	0.260647	0.259129	
0.262236	0.267613	0.263990	0.261584	0.263201	0.260995	0.259668	0.258268	0.259990	0.261795	0.259883	0.261802	0.000000	0.261436	0.261950	0.261042	0.259690	0.261248	0.260054	0.261935	0.259833	0.261763	0.263123	0.261072	0.260261	0.262825	0.260465	0.259211	0.261500	0.262144	0.260947	0.260992	0.261917	0.262398	0.264044	0.260715	0.260285	0.261723	0.259911	0.264814	0.260378	0.258910	0.260979	0.260991	0.261882	0.261046	0.260448	0.261214	0.261722	0.260345	0.262837	0.260662	0.263162	0.263104	0.258905	0.258676	0.263353	0.262355	0.261640	0.260081	0.260954	0.261271	0.260582	0.260246	0.262339	0.261409	0.262656	0.261999	0.262502	0.260451	0.261055	0.261323	0.261559	0.262309	0.261991	0.261949	0.261229	0.260291	0.263409	0.262645	0.262383	0.261304	0.259954	0.261196	0.259506	0.261281	0.260239	0.258611	0.263628	0.259652	0.296417	0.297380	0.297904	0.287756	0.298172	0.295933	0.298181	0.300001	0.296524	0.294680	0.299071	0.295890	0.295159	0.297878	0.300212	0.297466	0.295643	0.294803	0.295410	0.293733	0.298495	0.297889	0.262722	0.260640	0.267430	0.259550	0.260902	0.260255	0.262695	0.260527	0.261348	0.261823	0.262987	0.260844	0.260789	0.259928	0.260236	0.262153	0.260592	0.260454	0.261166	0.260667	0.262080	0.262177	0.262917	0.261213	0.258944	0.259253	0.261546	0.260635	0.260126	0.259971	0.258886	0.261398	0.261690	0.261398	0.260869	0.262307	0.260775	0.262753	0.261446	0.261274	0.260636	0.260432	0.263032	0.259621	0.259657	0.261008	0.259946	0.264265	0.261836	0.261040	0.263554	0.264203	0.262814	0.259913	0.261788	0.261192	0.260362	0.262424	0.259643	0.260869	0.261183	0.260631	0.262251	0.259431	0.261917	0.262728	0.258979	0.261829	0.258910	0.259568	0.262187	0.261290	0.261170	0.262873	0.259588	0.259349	0.261354	0.259784	0.261525	0.260555	0.260025	0.259112	0.259650	0.262560	0.260353	0.260336	0.260939	0.260688	0.260900	0.258965	0.262160	0.261221	0.261127	0.259415	0.260563	0.261884	0.260410	0.262683	0.260039	0.262232	
0.262129	0.265992	0.264377	0.261653	0.264366	0.262252	0.259218	0.260293	0.261210	0.261468	0.261082	0.258926	0.261436	0.000000	0.261701	0.261777	0.260508	0.262303	0.261073	0.262752	0.260727	0.262692	0.261682	0.261293	0.263599	0.264012	0.262842	0.262261	0.262391	0.262768	0.263106	0.261018	0.261988	0.260271	0.262879	0.263216	0.262382	0.262387	0.262166	0.264236	0.261324	0.260293	0.260952	0.259559	0.260544	0.259701	0.262212	0.262119	0.260175	0.261872	0.263756	0.260083	0.261771	0.261769	0.258622	0.262473	0.262557	0.263351	0.262267	0.260675	0.260717	0.262368	0.262225	0.261242	0.262980	0.261631	0.261709	0.263477	0.263018	0.262763	0.261302	0.260302	0.260547	0.264098	0.261579	0.261114	0.260499	0.261048	0.262174	0.260391	0.261182	0.263198	0.261115	0.261150	0.259862	0.261135	0.261256	0.261003	0.261971	0.258756	0.293383	0.294175	0.295024	0.285709	0.296583	0.295472	0.295875	0.296230	0.294495	0.294752	0.295490	0.294217	0.293540	0.294933	0.294869	0.295411	0.296155	0.294398	0.294413	0.291424	0.296393	0.294292	0.261988	0.262127	0.270073	0.261267	0.260569	0.259830	0.261429	0.259565	0.259424	0.260121	0.262778	0.261141	0.262721	0.261135	0.261744	0.260780	0.262807	0.262458	0.259637	0.260560	0.262863	0.261471	0.261976	0.261900	0.258575	0.261672	0.263128	0.261624	0.261839	0.260876	0.258693	0.261741	0.259878	0.260056	0.261809	0.263762	0.260980	0.263278	0.261303	0.261241	0.262215	0.260714	0.263836	0.262994	0.261244	0.259524	0.261287	0.264916	0.262246	0.261294	0.260706	0.263616	0.260671	0.260401	0.263483	0.260751	0.261234	0.261802	0.261716	0.261004	0.262019	0.262127	0.262974	0.260753	0.261693	0.263699	0.259876	0.262789	0.258439	0.261285	0.261683	0.263308	0.260791	0.260818	0.261082	0.260386	0.262862	0.261961	0.259964	0.261218	0.261694	0.261251	0.260081	0.262566	0.260468	0.258171	0.262834	0.260928	0.261781	0.261042	0.261214	0.259692	0.262112	0.260763	0.260184	0.260803	0.260743	0.261686	0.261486	0.261234	
0.261502	0.264434	0.263149	0.262738	0.263178	0.263080	0.258989	0.260494	0.261049	0.259912	0.262672	0.260659	0.261950	0.261701	0.000000	0.260899	0.261699	0.261814	0.260417	0.261271	0.259958	0.261631	0.261376	0.260279	0.262474	0.263044	0.261107	0.261153	0.262883	0.261371	0.260229	0.262042	0.263126	0.261607	0.264488	0.263333	0.262628	0.261613	0.261406	0.264353	0.262325	0.261878	0.262741	0.260384	0.262754	0.259669	0.260492	0.262719	0.261657	0.260297	0.263075	0.261286	0.263206	0.262895	0.259064	0.260508	0.262456	0.260995	0.260872	0.259753	0.260993	0.260862	0.260592	0.262557	0.260918	0.261361	0.260311	0.261606	0.263838	0.261749	0.263534	0.260079	0.260806	0.263399	0.260493	0.261759	0.262511	0.261574	0.260983	0.262444	0.260178	0.260977	0.261239	0.260476	0.260137	0.260327	0.261549	0.260921	0.261577	0.260895	0.293565	0.293828	0.295574	0.284597	0.294880	0.295539	0.294807	0.296740	0.295146	0.294336	0.296136	0.292216	0.294610	0.295252	0.295458	0.296447	0.295656	0.294281	0.293798	0.292102	0.295791	0.294824	0.262282	0.262278	0.268207	0.261299	0.263664	0.258921	0.264390	0.261476	0.259441	0.262996	0.261457	0.264081	0.260645	0.258762	0.261384	0.259752	0.261610	0.259992	0.260705	0.258596	0.260777	0.261369	0.263561	0.261407	0.259694	0.262281	0.264277	0.261618	0.260902	0.260638	0.261667	0.260918	0.264628	0.262371	0.261600	0.261957	0.262517	0.264157	0.261790	0.260338	0.260595	0.260360	0.261917	0.261759	0.262196	0.261370	0.260770	0.262469	0.261142	0.261904	0.261705	0.264050	0.262069	0.258886	0.260395	0.260492	0.262378	0.261175	0.259038	0.259819	0.261313	0.258919	0.260692	0.259079	0.260930	0.259853	0.260538	0.262221	0.259811	0.262669	0.258283	0.263973	0.261157	0.260595	0.260717	0.263518	0.258664	0.260575	0.260559	0.261625	0.257893	0.260404	0.259387	0.262802	0.260314	0.260140	0.259896	0.259734	0.262671	0.259999	0.263324	0.261470	0.262115	0.260690	0.261159	0.260721	0.259758	0.259924	0.262850	0.261659	
0.262236	0.266664	0.262601	0.261001	0.263672	0.262520	0.262486	0.263274	0.261263	0.262867	0.263272	0.262606	0.261042	0.261777	0.260899	0.000000	0.262072	0.263783	0.261033	0.260992	0.258942	0.262570	0.264602	0.262326	0.265150	0.263172	0.262512	0.264220	0.261422	0.262166	0.261654	0.262598	0.263920	0.262045	0.264089	0.261768	0.263425	0.263677	0.261150	0.264624	0.262831	0.260436	0.262912	0.263064	0.261322	0.262612	0.262950	0.263165	0.261058	0.260747	0.264089	0.263223	0.261581	0.264028	0.261285	0.261798	0.264175	0.262528	0.262592	0.261670	0.261862	0.262659	0.262440	0.260706	0.261801	0.263192	0.263233	0.262742	0.262466	0.258859	0.263485	0.261326	0.262423	0.262298	0.262709	0.263530	0.260589	0.262153	0.262965	0.262122	0.260596	0.262675	0.262787	0.261659	0.260370	0.260084	0.261023	0.260576	0.259919	0.262108	0.298457	0.296961	0.299813	0.289002	0.298078	0.298392	0.299426	0.300131	0.297494	0.297459	0.299304	0.297980	0.297371	0.300950	0.301690	0.298954	0.299799	0.297367	0.298745	0.295709	0.299694	0.298262	0.262907	0.260273	0.271824	0.261127	0.261797	0.259560	0.262956	0.260918	0.260222	0.261693	0.262724	0.263456	0.261477	0.262182	0.262564	0.260760	0.261633	0.261691	0.261987	0.263262	0.261370	0.262385	0.263497	0.263009	0.259879	0.263203	0.263834	0.263146	0.262126	0.259418	0.262570	0.260845	0.263236	0.262635	0.261194	0.263916	0.261798	0.264174	0.260506	0.260542	0.260961	0.260603	0.263423	0.263594	0.261941	0.259967	0.261463	0.263438	0.263408	0.262166	0.262708	0.262010	0.264672	0.259384	0.260700	0.262684	0.261000	0.260908	0.261712	0.260768	0.260881	0.263697	0.261334	0.261663	0.263328	0.262793	0.260565	0.262392	0.260205	0.262225	0.262320	0.261588	0.263862	0.261776	0.261359	0.261966	0.262615	0.260031	0.263396	0.261929	0.262990	0.262270	0.262039	0.261131	0.263475	0.261732	0.260588	0.260541	0.263318	0.260743	0.263330	0.264370	0.262036	0.261758	0.260703	0.262968	0.261218	0.262054	0.260559	0.261212	
0.259069	0.266652	0.261078	0.260925	0.262533	0.262749	0.259356	0.260200	0.257828	0.261198	0.260618	0.262275	0.259690	0.260508	0.261699	0.262072	0.000000	0.262289	0.259346	0.260866	0.259406	0.261237	0.261212	0.261245	0.261349	0.263443	0.261246	0.260918	0.264029	0.261638	0.262500	0.262177	0.262549	0.260804	0.262927	0.261458	0.262935	0.261681	0.259050	0.266229	0.260957	0.259419	0.261433	0.262041	0.261716	0.260740	0.260753	0.261457	0.259648	0.261043	0.261086	0.259036	0.262644	0.261105	0.258820	0.260081	0.261350	0.260439	0.262902	0.261569	0.261277	0.262139	0.260076	0.262305	0.260264	0.261318	0.260059	0.261197	0.261958	0.260492	0.260895	0.260228	0.261025	0.260840	0.260145	0.260806	0.260913	0.259004	0.261808	0.260876	0.257898	0.260418	0.260640	0.260875	0.259575	0.259692	0.260564	0.259397	0.258705	0.260969	0.294307	0.294731	0.296581	0.286841	0.296804	0.295851	0.296549	0.297369	0.294498	0.294344	0.297037	0.294560	0.295650	0.297099	0.297947	0.296888	0.295026	0.295303	0.295104	0.295167	0.297677	0.297283	0.262002	0.259946	0.269341	0.259149	0.261839	0.259636	0.260426	0.262143	0.261480	0.258572	0.260045	0.263435	0.260502	0.259450	0.261145	0.259200	0.260866	0.260366	0.261552	0.260963	0.261431	0.261090	0.265327	0.261704	0.259549	0.260836	0.261522	0.261659	0.260774	0.259514	0.258635	0.260507	0.260827	0.261858	0.261809	0.262239	0.260670	0.260756	0.260203	0.260056	0.260710	0.260328	0.263371	0.261549	0.259762	0.259067	0.259848	0.263192	0.258513	0.262250	0.260700	0.262729	0.262928	0.260856	0.261057	0.260181	0.259891	0.261610	0.260650	0.259865	0.258898	0.259777	0.261723	0.259767	0.261733	0.261400	0.259543	0.263467	0.259404	0.260907	0.260659	0.262486	0.260552	0.261963	0.260681	0.258234	0.262022	0.259535	0.260258	0.258335	0.258497	0.261505	0.259817	0.260948	0.259545	0.260912	0.261884	0.259432	0.260527	0.260359	0.261993	0.260102	0.262740	0.258913	0.259295	0.260261	0.261764	0.260867	0.260863	0.260083	
0.263901	0.267886	0.264662	0.264506	0.264479	0.262821	0.260868	0.263698	0.262918	0.262748	0.262667	0.261665	0.261248	0.262303	0.261814	0.263783	0.262289	0.000000	0.260966	0.262900	0.261013	0.263612	0.263369	0.263104	0.263953	0.262059	0.263542	0.264663	0.265383	0.263395	0.262131	0.263148	0.264183	0.262986	0.264744	0.265004	0.263972	0.261613	0.261388	0.267394	0.260602	0.262109	0.263369	0.262032	0.261334	0.260943	0.263045	0.262860	0.261912	0.263238	0.264775	0.262279	0.263072	0.263523	0.260284	0.262655	0.264657	0.261432	0.262184	0.263629	0.261542	0.261968	0.262015	0.260450	0.262220	0.262647	0.262098	0.264131	0.262433	0.262563	0.262879	0.264098	0.263373	0.264956	0.261583	0.263020	0.262547	0.261782	0.264474	0.261996	0.261359	0.262537	0.260141	0.263690	0.262494	0.263046	0.261863	0.262267	0.263999	0.261877	0.296416	0.293905	0.295353	0.286463	0.296228	0.294069	0.294942	0.298145	0.294256	0.294303	0.296163	0.294611	0.293363	0.296084	0.297255	0.296525	0.294902	0.295478	0.293214	0.293183	0.295319	0.296157	0.262890	0.262649	0.269287	0.262566	0.264292	0.259695	0.262229	0.262646	0.263000	0.262216	0.262528	0.265753	0.261232	0.260984	0.264291	0.261517	0.263798	0.261894	0.262094	0.262280	0.261754	0.261313	0.264026	0.260032	0.260958	0.263237	0.263945	0.263520	0.262483	0.262582	0.261222	0.263051	0.262821	0.261773	0.263297	0.264449	0.261960	0.266441	0.261706	0.262771	0.264105	0.262033	0.263697	0.262637	0.263707	0.260637	0.262085	0.262021	0.263694	0.262932	0.263336	0.263912	0.264320	0.263323	0.260881	0.263962	0.262921	0.261959	0.260853	0.262996	0.262889	0.261824	0.262137	0.261256	0.262451	0.263730	0.261935	0.261771	0.260860	0.261093	0.261759	0.264581	0.261943	0.261160	0.261382	0.261985	0.265335	0.260816	0.263446	0.260970	0.262102	0.264391	0.260938	0.261966	0.262204	0.261541	0.262173	0.259346	0.262405	0.260425	0.264357	0.261474	0.263935	0.263595	0.262201	0.263862	0.262722	0.262510	0.262232	0.262804	
0.258644	0.265427	0.262158	0.261980	0.261289	0.260305	0.257481	0.261246	0.260950	0.261257	0.260466	0.262011	0.260054	0.261073	0.260417	0.261033	0.259346	0.260966	0.000000	0.261766	0.257756	0.260371	0.261778	0.259771	0.263258	0.262510	0.259916	0.259274	0.261262	0.261733	0.259018	0.260248	0.262248	0.261101	0.261598	0.262625	0.261112	0.260555	0.259058	0.267625	0.261577	0.258687	0.261127	0.259935	0.259184	0.260188	0.259615	0.261209	0.261708	0.258906	0.261427	0.258311	0.261817	0.261680	0.257976	0.256972	0.261468	0.260548	0.262503	0.260619	0.261569	0.259737	0.262006	0.260816	0.261439	0.262658	0.262411	0.260856	0.261527	0.259449	0.261321	0.260251	0.260801	0.261468	0.260445	0.259897	0.261085	0.259782	0.260246	0.258625	0.259176	0.260869	0.259064	0.261308	0.259338	0.261027	0.259336	0.260228	0.261369	0.259882	0.296263	0.294804	0.296726	0.287569	0.296059	0.296297	0.295512	0.296434	0.294696	0.294091	0.296595	0.294963	0.295926	0.297360	0.297312	0.297952	0.296137	0.295845	0.293501	0.292842	0.297017	0.295725	0.262219	0.258537	0.268185	0.258814	0.260522	0.259055	0.260696	0.263234	0.259480	0.259378	0.260681	0.261594	0.259725	0.259124	0.260902	0.259157	0.261408	0.258830	0.259950	0.259748	0.257921	0.260181	0.262472	0.262910	0.258164	0.258731	0.262406	0.260187	0.260787	0.260801	0.259563	0.260057	0.259730	0.260482	0.261129	0.263050	0.260084	0.261899	0.259748	0.258526	0.260608	0.258358	0.262257	0.261439	0.260180	0.259503	0.260250	0.259169	0.263000	0.260194	0.260386	0.263377	0.261006	0.259034	0.259929	0.260312	0.259596	0.260832	0.259702	0.259314	0.260495	0.261399	0.260413	0.259291	0.259910	0.261008	0.262165	0.260262	0.259555	0.260303	0.259995	0.261680	0.260608	0.261227	0.259281	0.258017	0.261820	0.258670	0.260618	0.257989	0.258419	0.260320	0.259550	0.260709	0.261144	0.259551	0.258862	0.258359	0.261454	0.257202	0.261486	0.257945	0.261695	0.260097	0.258674	0.259934	0.261045	0.258879	0.260194	0.257917	
0.259620	0.266859	0.262595	0.261180	0.262896	0.262661	0.259720	0.261121	0.258692	0.261082	0.261426	0.260186	0.261935	0.262752	0.261271	0.260992	0.260866	0.262900	0.261766	0.000000	0.259628	0.262102	0.263227	0.262216	0.262983	0.263591	0.261105	0.262458	0.263113	0.262186	0.260928	0.261769	0.262972	0.262304	0.261551	0.262870	0.262651	0.260920	0.260514	0.266563	0.261697	0.258380	0.259762	0.261773	0.262775	0.261226	0.259907	0.262807	0.261284	0.260294	0.261429	0.262495	0.263027	0.262868	0.260227	0.260563	0.262786	0.261765	0.261207	0.261329	0.262687	0.260727	0.260500	0.261470	0.261514	0.262622	0.261344	0.261567	0.263262	0.260708	0.262507	0.262757	0.261733	0.262302	0.260651	0.260347	0.259438	0.261042	0.262165	0.260797	0.260611	0.260757	0.261522	0.261211	0.261574	0.261199	0.260407	0.260201	0.261469	0.261540	0.296449	0.297794	0.298330	0.287203	0.297736	0.297103	0.297495	0.298703	0.296135	0.295215	0.298606	0.294121	0.296443	0.298480	0.298749	0.297396	0.297703	0.295431	0.294107	0.294510	0.298607	0.297599	0.260471	0.259721	0.271404	0.261021	0.261528	0.258907	0.262760	0.260762	0.260498	0.260781	0.261477	0.263314	0.259460	0.261148	0.261946	0.259731	0.262339	0.262439	0.262377	0.260919	0.261722	0.260345	0.261431	0.261792	0.261357	0.261217	0.263124	0.263745	0.261818	0.263291	0.261781	0.263952	0.262528	0.261396	0.260714	0.263376	0.261962	0.262895	0.260214	0.261831	0.262858	0.259959	0.262238	0.261634	0.261962	0.259780	0.262609	0.261827	0.262359	0.262158	0.261105	0.261966	0.261443	0.259797	0.261716	0.260226	0.261459	0.260198	0.261759	0.259567	0.261683	0.263522	0.262146	0.261175	0.261804	0.262695	0.259496	0.261247	0.260715	0.260924	0.262008	0.262428	0.259847	0.260360	0.259473	0.258776	0.260147	0.260382	0.260908	0.262159	0.259965	0.259477	0.261045	0.262991	0.259463	0.259499	0.260743	0.259319	0.262865	0.259910	0.261585	0.261575	0.261664	0.262844	0.261891	0.260608	0.262770	0.261010	0.260924	0.262288	
