0.00000000100000000000 0.99393569559717598327 0.00606430340282395914 
0.00000000099999999979 0.00000000099999999979 0.99999999800000005656 
0.00000000099999999976 0.00000000099999999976 0.99999999800000005656 
0.04616409723737169291 0.90543978088263510351 0.04839612187999331461 
0.00000000100000000000 0.91362521556106457421 0.08637478343893555122 
0.00390864776463784990 0.99079991798809108339 0.00529143424727099559 
0.01268273391705472021 0.98571805993584882266 0.00159920614709629818 
0.00000000099999999978 0.00000000099999999978 0.99999999800000005656 
0.00000000099999999980 0.00000000099999999980 0.99999999800000005656 
0.00000000099999999983 0.00000000099999999983 0.99999999799999994554 
0.00000000099999999977 0.00000000099999999977 0.99999999799999994554 
0.00000000099999999978 0.00000000099999999978 0.99999999800000005656 
0.01948302295921537988 0.97684632419910055745 0.00367065284168407871 
0.00046304902991691757 0.99953694997008313283 0.00000000100000000000 
0.00000000100000000000 0.99760222648747565177 0.00239777251252451355 
0.00000000100000000000 0.99177263785363733994 0.00822736114636281497 
0.00000000100000000000 0.99965834710089940263 0.00034165189910048406 
0.00000000099999999978 0.00000000099999999978 0.99999999799999994554 
0.00119029774838138756 0.99392981959187132190 0.00487988265974720250 
0.00000000099999999999 0.46499623895411373864 0.53500376004588612311 
0.00629769673369753261 0.98590080299524740504 0.00780150027105509271 
0.00656887215060764171 0.99343112684939238743 0.00000000100000000000 
0.01539353397927804325 0.98460240994850045659 0.00000405607222149539 
0.01027278044315885382 0.98849068854214505730 0.00123653101469607847 
0.00000000100000000000 0.99716952747300702242 0.00283047152699306874 
0.00274708049850642608 0.99236357825374144070 0.00488934124775215924 
0.01486876177042684849 0.98513116186662641471 0.00000007636294684555 
0.00244184446994158985 0.99470905038577694945 0.00284910514428159513 
0.00632410357215375338 0.99367589542784617862 0.00000000100000000000 
0.00000000100000000000 0.99999999734139699559 0.00000000165860308152 
0.00461173170381413370 0.99538826729618590239 0.00000000100000000000 
0.01304203795146043586 0.97950920626495008303 0.00744875578358947851 
0.00000000100000000000 0.99193285825936083899 0.00806714074063912684 
0.00644250342117585334 0.98624475856298388088 0.00731273801584020420 
0.01499537731970222547 0.98023097028582950596 0.00477365239446830847 
0.00623181620236596973 0.99192715068069414741 0.00184103311693985835 
0.00000000100000000000 0.99686583828041408495 0.00313416071958599928 
0.00900090922926076106 0.98733965332335760223 0.00365943744738171520 
0.00000000100000000000 0.99880657201112899024 0.00119342698887089211 
0.00000000100000000000 0.99999999800000005656 0.00000000100000000000 
0.00000000100000000000 0.99920687384431849942 0.00079312515568160475 
0.01731033745547205446 0.98054759589804152409 0.00214206664648640844 
0.00778477456304812760 0.99221522443695175930 0.00000000100000000000 
0.00909580930189260277 0.98598341274012202273 0.00492077795798528169 
0.00916066149491421081 0.98902430543056307766 0.00181503307452265711 
0.00000000100000000000 0.99999999799999994554 0.00000000100000000000 
0.00695662455904996584 0.99161137682126820891 0.00143199861968187816 
0.00795877538582266328 0.99138448958974134673 0.00065673502443595769 
0.08107982582411789318 0.90786199198810568767 0.01105818218777631506 
0.01313468845473236661 0.98686531054526760443 0.00000000100000000000 
0.00531832343607771887 0.99468167556392217410 0.00000000100000000000 
0.00637368009756992659 0.98947484321438683441 0.00415147668804334395 
0.00000046942760737846 0.99652115101097138439 0.00347837956142128769 
0.01151149287481686469 0.98848850612518301961 0.00000000100000000000 
0.00498786400576489795 0.99501213499423513120 0.00000000100000000000 
0.00000000100000000000 0.99999999800000005656 0.00000000100000000000 
0.01948380569893910091 0.97274501756089659654 0.00777117674016430688 
0.00000000100000000000 0.99801133175668266251 0.00198866724331726473 
0.00413989371356393489 0.99442013816873664478 0.00143996811769944786 
0.00000000100000000000 0.99879738317853539176 0.00120261582146466406 
0.00000000100000000000 0.99999999800000005656 0.00000000100000000000 
0.00438068988997549879 0.99261266805973391580 0.00300664205029052859 
0.00000000100000000000 0.99426270110865166973 0.00573729789134840799 
0.00000000099999999999 0.99999999799999994554 0.00000000099999999999 
0.00018281862264139180 0.99734019626432779404 0.00247698511303080359 
0.00110010425374962046 0.99295624767857004755 0.00594364806768040918 
0.00021312739007190400 0.99548909152642794940 0.00429778108350013614 
0.00578725214721600902 0.98868805508886226097 0.00552469276392176991 
0.00000000100000000000 0.99999963736410057979 0.00000036163589938160 
0.00000000100000000000 0.99999999800000005656 0.00000000100000000000 
0.00000000100000000000 0.99999999800000005656 0.00000000100000000000 
0.00866628496284832343 0.98722343148688307402 0.00411028355026868408 
0.00274339102709710621 0.99358915525770463706 0.00366745371519822680 
0.01170975699034995134 0.98829024200965009950 0.00000000100000000000 
0.00000000100000000000 0.99563984773277580675 0.00436015126722409923 
0.00951025438576717438 0.99048974461423267002 0.00000000100000000000 
0.00000000100000000000 0.99672058070383606765 0.00327941829616403089 
0.00157470157937048254 0.99668571041684372869 0.00173958800378591128 
0.00000000100000000000 0.99838286462370151586 0.00161713437629835825 
0.01010431192875783056 0.98799540261288398835 0.00190028545835825634 
0.00900140620642134182 0.98490559924861509344 0.00609299454496364367 
0.00267822049929410241 0.99495679200513076346 0.00236498749557517403 
0.00000162271299395643 0.99087374374146941491 0.00912463354553665756 
0.01002004186863102511 0.98997995713136899276 0.00000000099999999999 
0.00000000099999999999 0.99999999800000005656 0.00000000099999999999 
0.01611817693693547854 0.98368152977666478698 0.00020029328639963102 
0.00000200839844297141 0.99892525967479417481 0.00107273192676284176 
0.00000000100000000000 0.99702415074027628261 0.00297584825972379815 
0.00125730047456574828 0.99527766006630014051 0.00346503945913418732 
0.00000000100000000000 0.99999999800000005656 0.00000000100000000000 
0.00000000100000000000 0.99999999799999994554 0.00000000100000000000 
0.00000000100000000000 0.99999999800000005656 0.00000000100000000000 
0.00000000100000000000 0.99946724271627207514 0.00053275628372809712 
0.00505652820426168072 0.99363190928259348400 0.00131156251314486672 
0.00000000099999999999 0.99999999800000005656 0.00000000099999999999 
0.00105908631151572586 0.99625441341485021507 0.00268650027363398925 
0.00596695771262617611 0.99403304128737379752 0.00000000100000000000 
0.00000000099999999978 0.00000000099999999978 0.99999999800000005656 
0.00594512743782328254 0.99097450769763539835 0.00308036486454138329 
0.00020603702687707067 0.99979396197312297989 0.00000000100000000000 
0.99999999799999994554 0.00000000099999999996 0.00000000099999999996 
0.99999999800000005656 0.00000000099999999995 0.00000000099999999995 
0.99999999799999994554 0.00000000099999999997 0.00000000099999999997 
0.99999999800000005656 0.00000000099999999994 0.00000000099999999994 
0.99999999799999994554 0.00000000099999999994 0.00000000099999999994 
0.69492299352333020135 0.30385848153717642806 0.00121852493949335151 
0.99999999800000005656 0.00000000099999999995 0.00000000099999999995 
0.99999999800000005656 0.00000000099999999993 0.00000000099999999993 
0.99999999800000005656 0.00000000099999999997 0.00000000099999999997 
0.99999999799999994554 0.00000000099999999995 0.00000000099999999995 
0.99999999799999994554 0.00000000099999999993 0.00000000099999999993 
0.99999999800000005656 0.00000000099999999994 0.00000000099999999994 
0.99999999800000005656 0.00000000099999999996 0.00000000099999999996 
0.99999999799999994554 0.00000000099999999996 0.00000000099999999996 
0.99999999800000005656 0.00000000099999999997 0.00000000099999999997 
0.99999999800000005656 0.00000000099999999996 0.00000000099999999996 
0.99999999799999994554 0.00000000099999999997 0.00000000099999999997 
0.99999999799999994554 0.00000000099999999994 0.00000000099999999994 
0.99999999799999994554 0.00000000099999999996 0.00000000099999999996 
0.99999999800000005656 0.00000000099999999993 0.00000000099999999993 
0.99999999800000005656 0.00000000099999999997 0.00000000099999999997 
0.99999999800000005656 0.00000000099999999997 0.00000000099999999997 
0.99999999799999994554 0.00000000099999999996 0.00000000099999999996 
0.99999999800000005656 0.00000000099999999994 0.00000000099999999994 
0.99999999799999994554 0.00000000099999999997 0.00000000099999999997 
0.99999999800000005656 0.00000000099999999997 0.00000000099999999997 
0.99999999799999994554 0.00000000099999999993 0.00000000099999999993 
0.99999999800000005656 0.00000000099999999994 0.00000000099999999994 
0.00572622323748671683 0.99087144860663534107 0.00340232815587792259 
0.00000332594731133773 0.99580376955801119809 0.00419290449467747770 
0.21303478202562831090 0.73247928079869917273 0.05448593717567245392 
0.00000000099999999999 0.99999999799999994554 0.00000000099999999999 
0.00000000100000000000 0.99702352155024787095 0.00297647744975218422 
0.00000018918185673413 0.99958201993569106847 0.00041779088245227322 
0.00884661390456259120 0.98388978118390368888 0.00726360491153377284 
0.00596257377221074900 0.99403742522778915092 0.00000000100000000000 
0.00265642680654811121 0.99461217391660317055 0.00273139927684878936 
0.00000000100000000000 0.99804131904142678877 0.00195867995857322563 
0.00000000100000000000 0.99821220973865143478 0.00178778926134859459 
0.00633214072703410479 0.99053574025586721419 0.00313211901709869100 
0.00159161102766587170 0.99840838797233411039 0.00000000100000000000 
0.00513007694503493563 0.99486992205496505015 0.00000000100000000000 
0.00290527224575316519 0.99295333601949775648 0.00414139173474902238 
0.00548649061867688762 0.99451350838132301924 0.00000000100000000000 
0.00000000100000000000 0.99743944902334946701 0.00256054997665051834 
0.00000000100000000000 0.99621035180329942094 0.00378964719670057092 
0.00875054214866623561 0.99064621907179684079 0.00060323877953692619 
0.00012928665174679851 0.99987071234825330990 0.00000000100000000000 
0.00470066383006139191 0.99460915862579180047 0.00069017754414675699 
0.00000000100000000000 0.99608928698259946444 0.00391071201740045456 
0.00342957278788745936 0.99121844970444272782 0.00535197750766985576 
0.00533144366691746131 0.99466855533308251580 0.00000000100000000000 
0.00000052635265583115 0.99999947264734423413 0.00000000100000000000 
0.00000000100000000000 0.99999999799999994554 0.00000000100000000000 
0.01470410339498434346 0.98336462315651118615 0.00193127344850444068 
0.00062716237506341751 0.99516019782228193336 0.00421263980265468036 
0.00000000100000000000 0.99763268056848697363 0.00236731843151294190 
0.00000000158933564663 0.99999999741066425418 0.00000000100000000000 
0.00000000099999999999 0.99999999800000005656 0.00000000099999999999 
0.00000000100000000000 0.99831967655710707188 0.00168032244289302623 
0.00000000100000000000 0.99999999799999994554 0.00000000100000000000 
0.01065751758887233461 0.98778337344109756746 0.00155910897003016038 
0.00332925241010340262 0.99667074658989651681 0.00000000100000000000 
0.00249376982465479135 0.99308957532698893811 0.00441665484835624192 
0.00427508880929341507 0.99332571080653553341 0.00239920038417104414 
0.01505219213015727975 0.97544614240302141006 0.00950166546682126162 
0.00143380792974373453 0.99856619107025623716 0.00000000100000000000 
0.00091801524001866466 0.99908198375998136243 0.00000000100000000000 
0.00000000100000000000 0.99999999800000005656 0.00000000100000000000 
0.00000000100000000000 0.99770640963881962460 0.00229358936118034124 
0.00000000100000000000 0.99796952262445126625 0.00203047637554882015 
0.00285773791751467963 0.99048718843670036094 0.00665507364578498111 
0.00467349608230721754 0.99456073639479480875 0.00076576752289799150 
0.00000000100000000000 0.99999999800000005656 0.00000000100000000000 
0.00000009028938242840 0.99999990871061750219 0.00000000100000000000 
0.00373122683103090623 0.99626877216896903011 0.00000000100000000000 
0.00500554081792957926 0.99206337195750371460 0.00293108722456675731 
0.00000000100000000000 0.99678586664922019800 0.00321413235077987105 
0.00504043902201997424 0.99495955997798013470 0.00000000100000000000 
0.01622010993555488001 0.97759069497678718896 0.00618919508765794577 
0.00201923714005114224 0.99521751702137695172 0.00276324583857190820 
0.00000000100000000000 0.99864353307850639574 0.00135646592149365466 
0.02108993636963951354 0.97621684059277413770 0.00269322303758628197 
0.00000000100000000000 0.99592458614246082149 0.00407541285753919725 
0.00520933609573074555 0.99461796746695663174 0.00017269643731261249 
0.00117765805825881687 0.99882234094174127126 0.00000000100000000000 
0.00000653447038044734 0.99999346452961945797 0.00000000100000000000 
0.00000000100000000000 0.99894751003080684004 0.00105248896919309023 
0.00132784840332886549 0.99867215059667113763 0.00000000100000000000 
0.00000000100000000000 0.99675434453260869372 0.00324565446739142087 
0.00231890813157092706 0.99765109562670251098 0.00002999624172664286 
0.00237073356762435407 0.99473968854161221032 0.00288957789076339875 
0.00000000100000000000 0.99840083036369997593 0.00159916863630018440 
0.00615399214705350268 0.99058286810211504392 0.00326313975083154621 
0.00000343573251584929 0.99999656326748420643 0.00000000100000000000 
0.01174258677814407625 0.98825741222185592427 0.00000000100000000000 
0.00000000100000000000 0.99982001409272525105 0.00017998490727476286 
0.00673203196584366836 0.98983850638927384225 0.00342946164488250023 
0.00382662076308154259 0.99510380751420157708 0.00106957172271700198 
0.00631844452672644837 0.99073902765195431819 0.00294252782131918661 
0.00000000100000000000 0.99517046964381350449 0.00482952935618645527 
0.01165208374284690783 0.98750539841519646700 0.00084251784195671050 
0.00009881366753707801 0.99939225743483828257 0.00050892889762474175 
0.00000002480787005194 0.99463447101354240942 0.00536550417858746784 
0.00000000100000000000 0.99918707113394378272 0.00081292786605628904 
0.00000000099999999999 0.99999999800000005656 0.00000000099999999999 
0.00000612353428819768 0.99833697842939372880 0.00165689803631810951 
0.00000000099999999999 0.99999999800000005656 0.00000000099999999999 
0.00000004250767328963 0.99999995649232675810 0.00000000100000000000 
0.00710126350133307837 0.99102279838243123589 0.00187593811623574277 
0.00989089281516393817 0.99010910618483605194 0.00000000100000000000 
0.00000000100000000000 0.99868855681941215430 0.00131144218058793297 
0.00000000100000000000 0.99757640008532244558 0.00242359891467761436 
0.00000000100000000000 0.99999980557835577155 0.00000019342164424608 
0.00000000099999999999 0.99999999799999994554 0.00000000099999999999 
0.00549324714505846929 0.99450675185494141761 0.00000000100000000000 
0.00652913291088555794 0.99347086608911450156 0.00000000100000000000 
0.00276326470046514170 0.99071418854489345929 0.00652254675464134133 
0.00999463758707829636 0.99000536141292172498 0.00000000100000000000 
0.00000000099999999999 0.99999999800000005656 0.00000000099999999999 
0.00000000100000000000 0.99999999799999994554 0.00000000100000000000 
0.00000000099999999999 0.99999999799999994554 0.00000000099999999999 
0.00000000100000000000 0.99999999799999994554 0.00000000100000000000 
0.00000000100000000000 0.99982866120914593022 0.00017133779085419271 
0.00020952386973116876 0.99979047513026886307 0.00000000100000000000 
0.00000000100000000000 0.99698594692016606622 0.00301405207983394428 
0.00181911878465138141 0.99818088021534856491 0.00000000100000000000 
0.00000000100000000000 0.99999999800000005656 0.00000000100000000000 
