0.81636798491296802549 0.18363201408703189177 0.00000000100000000000 
0.41452419743005258779 0.10593813143483653272 0.47953767113511081011 
0.28625791691757235258 0.26369564119325361595 0.45004644188917403147 
0.77514656458163022634 0.16462991350886754804 0.06022352190950228806 
0.70731450137772189368 0.27684177709635554576 0.01584372152592261954 
0.99949840768428932503 0.00000403521622600217 0.00049755709948462641 
0.73312191952729099942 0.25509870778793347634 0.01177937268477552944 
0.55389038102548582287 0.03672569929873497480 0.40938391967577902886 
0.42562398400808321153 0.17622027452213034904 0.39815574146978649495 
0.36712115785985921512 0.38489617573357237656 0.24798266640656851933 
0.45872681371594997701 0.06945275410739765176 0.47182043217665231571 
0.60507835826293909776 0.04156131286411170883 0.35336032887294932525 
0.74866031716567627008 0.23074438405161570853 0.02059529878270803180 
0.99999999799999994554 0.00000000100000000000 0.00000000100000000000 
0.74972078658310459254 0.25027921241689532472 0.00000000100000000000 
0.86249095090448935075 0.13750904809551053876 0.00000000100000000000 
0.99999999799999994554 0.00000000100000000000 0.00000000100000000000 
0.38585310882425649659 0.11708440259471998568 0.49706248858102364263 
0.66624118809523091844 0.33139357577906886076 0.00236523612570022860 
0.82496309862933570045 0.00000000264587428121 0.17503689872479002987 
0.52054371066486748720 0.47322115425709726511 0.00623513507803511065 
0.35863034033455998273 0.63933793016266249332 0.00203172950277739298 
0.47310165854438757105 0.51328143455747909929 0.01361690689813339385 
0.56134982719189341349 0.42972121653873940339 0.00892895626936721781 
0.00000000099999999999 0.99999999800000005656 0.00000000099999999999 
0.55756912133742120297 0.43931404752247776857 0.00311683114010091007 
0.00000004012651101517 0.99998862588188075495 0.00001133399160829879 
0.46996705253515486111 0.52793709411150324673 0.00209585335334180455 
0.48671187948280220104 0.50896120307589232112 0.00432691744130546830 
0.40120158614994277935 0.59879841285005708240 0.00000000100000000000 
0.53793064378899646538 0.46045370695630571944 0.00161564925469768615 
0.47654275695158621051 0.50910252056747962168 0.01435472248093421464 
0.25860277495718014817 0.74139722404281982460 0.00000000100000000000 
0.47569426731248570794 0.51618235990086158704 0.00812337278665267552 
0.49078377717415255788 0.49472845350378974461 0.01448776932205765935 
0.44864566172205788686 0.54821719736482654728 0.00313714091311549865 
0.49260878374417349512 0.50739121525582653316 0.00000000100000000000 
0.47833030767041923026 0.51303502157479108359 0.00863467075478977289 
0.28998522053257552722 0.71001477846742444555 0.00000000100000000000 
0.00000000099999999999 0.99999999799999994554 0.00000000099999999999 
0.46990851078655776485 0.53009148821344231894 0.00000000100000000000 
0.51199425596466985322 0.47146067641368299972 0.01654506762164719563 
0.26924534617682399640 0.73033664985671720160 0.00041800396645875489 
0.53825988771437838221 0.45354939722421216963 0.00819071506140941520 
0.60213206323668577724 0.38949485108619708029 0.00837308567711703318 
0.45182943780743539675 0.54817056119256457603 0.00000000100000000000 
0.00000000100000000000 0.99999999799999994554 0.00000000100000000000 
0.66623242677179683735 0.32633567184164541386 0.00743190138655790925 
0.53619338165795027429 0.38599987271662417054 0.07780674562542561068 
0.30013793063868893229 0.69120839407348755312 0.00865367528782348336 
0.71461985143844219959 0.28239161305673610158 0.00298853550482176432 
0.69719344471660027462 0.29605970911479501106 0.00674684616860464666 
0.58541240812829298257 0.41458759087170704571 0.00000000100000000000 
0.40026774041023160944 0.59232927074802210754 0.00740298884174629516 
0.51980714877810019203 0.48017833265508547136 0.00001451856681431844 
0.98745094297634672387 0.01254905602365320207 0.00000000100000000000 
0.44266406547109687919 0.53937650194129937997 0.01795943258760377900 
0.67638999219283402198 0.32361000680716589528 0.00000000100000000000 
0.34639178658165226121 0.65359845255061310709 0.00000976086773454759 
0.60716586950454076721 0.39283412949545915005 0.00000000100000000000 
0.46594641221003874065 0.53405358678996106558 0.00000000100000000000 
0.00001762529031902845 0.99998237370968101612 0.00000000100000000000 
0.45559067293880989302 0.54440932606119007975 0.00000000100000000000 
0.73962361728838510455 0.26037638171161475720 0.00000000100000000000 
0.00000000099999999999 0.99999999800000005656 0.00000000099999999999 
0.33968635361606958067 0.66031364538393022556 0.00000000100000000000 
0.55004094259977254211 0.44995905334048080793 0.00000000405974643009 
0.41716774823295849073 0.57857235928742212216 0.00425989247961937757 
0.42896965153353106004 0.57103034746646896824 0.00000000100000000000 
0.60998741123313238166 0.39001258776686748009 0.00000000100000000000 
0.57728762729631533102 0.42271237170368458624 0.00000000100000000000 
0.00000000100000000000 0.99999999799999994554 0.00000000100000000000 
0.44618640559030531278 0.55378621585406651029 0.00002737855562821459 
0.59964770652347831881 0.39105542394205039525 0.00929686953447132758 
0.00000427932978795808 0.99999571967021205765 0.00000000099999999999 
0.39817928985797507169 0.59908477603786580712 0.00273593410415916369 
0.46991794869999803375 0.53008205030000188351 0.00000000100000000000 
0.49207464619803631400 0.49405295923327641194 0.01387239456868727926 
0.55668238826701688104 0.44331761073298314724 0.00000000100000000000 
0.38639195165105172380 0.60313467562407774292 0.01047337272487054542 
0.79067928632282169499 0.20429460605061389167 0.00502610762656444977 
0.99999999799999994554 0.00000000100000000000 0.00000000100000000000 
0.66003848970464773505 0.33888111448642371792 0.00108039580892848588 
0.99517483545492790853 0.00000000100000000000 0.00482516354507215098 
0.65006031278328813006 0.34993968621671167618 0.00000000099999999999 
0.98599439900303431639 0.00000000100000000000 0.01400559999696582986 
0.00000002480332480675 0.99999997419667518983 0.00000000100000000000 
0.99999994945494719012 0.00000004954505285687 0.00000000100000000000 
0.74632040299209934098 0.25367766117073414778 0.00000193583716665666 
0.85980762142756672617 0.14019237757243321885 0.00000000100000000000 
0.76772057141616034670 0.23227942758383951505 0.00000000100000000000 
0.85320880251242814385 0.14679119648757174565 0.00000000100000000000 
0.70967182487731983453 0.29032817412268002721 0.00000000100000000000 
0.83637700648588708674 0.16280838898899815947 0.00081460452511483553 
0.99999999799999994554 0.00000000099999999999 0.00000000099999999999 
0.65849135335531805424 0.34080046615579012714 0.00070818048889166325 
0.80775573458395588666 0.18671616138567204146 0.00552810403037215601 
0.43151817055511754173 0.11550839495348877439 0.45297343449139365612 
0.97992160657929039402 0.01590548412901992767 0.00417290929168977892 
0.67807919243533776310 0.32192080656466226518 0.00000000100000000000 
0.00000000099999999997 0.00000000099999999997 0.99999999800000005656 
0.00000000099999999996 0.00000000099999999996 0.99999999800000005656 
0.00000000099999999997 0.00000000099999999997 0.99999999799999994554 
0.00000000099999999995 0.00000000099999999995 0.99999999799999994554 
0.00000000099999999995 0.00000000099999999995 0.99999999800000005656 
0.28680191537915861177 0.00000000100000000000 0.71319808362084136100 
0.00000000099999999996 0.00000000099999999996 0.99999999799999994554 
0.00000000099999999994 0.00000000099999999994 0.99999999800000005656 
0.00000000099999999997 0.00000000099999999997 0.99999999799999994554 
0.00000000099999999994 0.00000000099999999994 0.99999999800000005656 
0.00000000099999999994 0.00000000099999999994 0.99999999800000005656 
0.00000000099999999994 0.00000000099999999994 0.99999999799999994554 
0.00000000099999999996 0.00000000099999999996 0.99999999799999994554 
0.00000000099999999997 0.00000000099999999997 0.99999999800000005656 
0.00000000099999999998 0.00000000099999999998 0.99999999800000005656 
0.00000000099999999996 0.00000000099999999996 0.99999999799999994554 
0.00000000099999999997 0.00000000099999999997 0.99999999800000005656 
0.00000000099999999995 0.00000000099999999995 0.99999999800000005656 
0.00000000099999999997 0.00000000099999999997 0.99999999799999994554 
0.00000000099999999994 0.00000000099999999994 0.99999999799999994554 
0.00000000099999999997 0.00000000099999999997 0.99999999800000005656 
0.00000000099999999998 0.00000000099999999998 0.99999999800000005656 
0.00000000099999999997 0.00000000099999999997 0.99999999800000005656 
0.00000000099999999994 0.00000000099999999994 0.99999999799999994554 
0.00000000099999999998 0.00000000099999999998 0.99999999799999994554 
0.00000000099999999998 0.00000000099999999998 0.99999999799999994554 
0.00000000099999999994 0.00000000099999999994 0.99999999800000005656 
0.00000000099999999995 0.00000000099999999995 0.99999999800000005656 
0.44551616594838988616 0.55172968243360309692 0.00275415161800716349 
0.59931920654735437726 0.39965367659075601292 0.00102711686188958445 
0.00000000100000000000 0.77296328688175175436 0.22703671211824824616 
0.47870066197693900145 0.52129933702306097132 0.00000000100000000000 
0.66735277173197460332 0.33264722726802525843 0.00000000100000000000 
0.66561871025064378582 0.33438128874935602042 0.00000000100000000000 
0.44527273978402526211 0.54549543097387287460 0.00923182924210188931 
0.40546383865759427767 0.59209598622719339378 0.00244017511521235761 
0.72714915681919256585 0.26850744134357273918 0.00434340183723470191 
0.38588856207357641326 0.61411143692642344849 0.00000000100000000000 
0.53143084188242739607 0.46856915711757246568 0.00000000100000000000 
0.57411773122001596992 0.42098706715045164373 0.00489520162953259539 
0.00000000099999999999 0.99999999799999994554 0.00000000099999999999 
0.27790374527701955376 0.72132624025221458997 0.00077001447076577756 
0.00000000099999999999 0.99999999800000005656 0.00000000099999999999 
0.64533626319761383527 0.35059775062299214365 0.00406598617939400112 
0.00000019743260001445 0.99999980156739998183 0.00000000100000000000 
0.55727542185501144356 0.44272457714498852921 0.00000000100000000000 
0.43107703333521379951 0.56366716653722737096 0.00525580012755898392 
0.79987937032302991458 0.19978050170420702525 0.00034012797276308245 
0.43409022187940260462 0.56590975695988043892 0.00000002116071704720 
0.45324579159975741938 0.54675420740024260891 0.00000000100000000000 
0.46079305067261050466 0.53555353341489919661 0.00365341591249032302 
0.44034972240925313036 0.55775233547122970990 0.00189794211951716863 
0.50677543922811918442 0.49322455977188073284 0.00000000100000000000 
0.99999999589501109565 0.00000000310498888087 0.00000000100000000000 
0.40865218229965438734 0.57800493641938366363 0.01334288128096204444 
0.32415807816363723104 0.67584192083636263071 0.00000000100000000000 
0.51364484038005731037 0.48635515861994260689 0.00000000100000000000 
0.37604621557297251977 0.62395378342702745300 0.00000000100000000000 
0.41723970003033789000 0.58276029896966208277 0.00000000100000000000 
0.31314425788100846981 0.68685574111899139194 0.00000000100000000000 
0.00000000099999999999 0.99999999800000005656 0.00000000099999999999 
0.32374010857302126798 0.66961714883344658489 0.00664274259353214453 
0.35385176792272665658 0.64614231120260223751 0.00000592087467124939 
0.31453755819635009772 0.68529619483326675855 0.00016624697038303764 
0.48534548678053135440 0.51221967539708446182 0.00243483782238408620 
0.50782776064210044531 0.47576502041538515364 0.01640721894251444268 
0.51996389317412550213 0.47918685903816582439 0.00084924778770866286 
0.52444474617678327188 0.47555525005344329026 0.00000000376977342493 
0.45419468302682697303 0.54580531597317294423 0.00000000100000000000 
0.45217293646010370267 0.54782706253989632561 0.00000000100000000000 
0.46109712134314451148 0.53890287765685540577 0.00000000100000000000 
0.43201364042326523274 0.56511124967025883059 0.00287510990647589287 
0.43221638146984503459 0.56722112727978446500 0.00056249125037049173 
0.44451829848796725608 0.55548170051203271669 0.00000000100000000000 
0.58528023222674185888 0.41471976677325822491 0.00000000100000000000 
0.56606999731340756910 0.43243750510946754595 0.00149249757712497169 
0.58421407245102963124 0.41156614478537517643 0.00421978276359515157 
0.00000000099999999999 0.99999999800000005656 0.00000000099999999999 
0.63621716975597597532 0.36041876591146604358 0.00336406433255799497 
0.00000000100000000000 0.99999992325391529047 0.00000007574608474863 
0.68837637166639031872 0.31061983729717951297 0.00100379103643027934 
0.67862248661919155612 0.32137751238080836114 0.00000000100000000000 
0.53355427919340514542 0.44821444455510511817 0.01823127625148963579 
0.43939317675305539224 0.56060682224694458053 0.00000000100000000000 
0.81346597899073247451 0.18653402000926760929 0.00000000100000000000 
0.67527443553400012810 0.32360877601275056525 0.00111678845324918890 
0.47637198655931073388 0.52362801244068934992 0.00000000100000000000 
0.41171278014532058931 0.58828721885467938346 0.00000000100000000000 
0.66920691712782209848 0.32990108040072330109 0.00089200247145445331 
0.81619344411513283788 0.18380655488486713489 0.00000000100000000000 
0.68509087875291618808 0.31338899589084839858 0.00152012535623535761 
0.78963715265865086490 0.20955711363315002171 0.00080573370819921172 
0.78418948967365587066 0.21581050932634407435 0.00000000100000000000 
0.69601334743843779052 0.29658903505977513015 0.00739761750178712704 
0.99999867732171154877 0.00000132167828847403 0.00000000100000000000 
0.65162043645178879814 0.33853887403763599506 0.00984068951057528833 
0.99999999406622919196 0.00000000493377088561 0.00000000100000000000 
0.76877308478197181607 0.22490143974962031881 0.00632547546840777231 
0.75590177879867637145 0.24290512717754519922 0.00119309402377843561 
0.79822375360591313331 0.19597520571014648283 0.00580104068394035090 
0.86300861040098486576 0.13699138859901507925 0.00000000100000000000 
0.99234036539258207998 0.00000000100000000000 0.00765963360741786590 
0.82272114133342910680 0.17727885766657086597 0.00000000100000000000 
0.99999999799999994554 0.00000000100000000000 0.00000000100000000000 
0.85006674392734282719 0.14993325507265722885 0.00000000100000000000 
0.76819014185004141915 0.23180985714995860913 0.00000000100000000000 
0.99999999799999994554 0.00000000100000000000 0.00000000100000000000 
0.81163499389309723409 0.18836500510690259991 0.00000000100000000000 
0.99999999800000005656 0.00000000100000000000 0.00000000100000000000 
0.86644869377919719877 0.12785670149621464198 0.00569460472458822777 
0.73668273940339101813 0.26122271416579323500 0.00209454643081570307 
0.68830759816946984753 0.31169240083053023627 0.00000000100000000000 
0.99976283302498658578 0.00023716597501347779 0.00000000099999999999 
0.77981255728414988759 0.22018744171585005742 0.00000000100000000000 
0.62682749221431321995 0.37317250678568675282 0.00000000100000000000 
0.99999999760627233947 0.00000000100000000000 0.00000000139372760725 
0.75243019235713892723 0.24345583710808890721 0.00411397053477216990 
0.69543047942733970945 0.30456951957266020781 0.00000000100000000000 
0.72142554048776885711 0.27856243399612223843 0.00001202551610883607 
0.75651920649886039705 0.24348079250113957572 0.00000000100000000000 
0.77000963549668677288 0.22999036350331319989 0.00000000100000000000 
0.56287500642228638359 0.43712499257771358918 0.00000000100000000000 
0.76157453777746719759 0.23842546122253285845 0.00000000100000000000 
0.99999997051194611242 0.00000002848805391745 0.00000000100000000000 
0.99999999799999994554 0.00000000100000000000 0.00000000100000000000 
0.70535993506209038184 0.29464006393790959093 0.00000000100000000000 
0.84299206577182206335 0.15696673761150226056 0.00004119661667567372 
0.99994934563006732109 0.00005065336993256770 0.00000000100000000000 
