0.0001015 0.0091475 0.9907510
0.0001005 0.9997989 0.0001005
0.0001001 0.9997998 0.0001001
0.0590096 0.0463255 0.8946649
0.0001016 0.0802434 0.9196550
0.0040996 0.0120546 0.9838458
0.0001015 0.0054325 0.9944659
0.0001001 0.9997997 0.0001001
0.0001002 0.9997996 0.0001002
0.0072222 0.9926762 0.0001016
0.0001001 0.9997998 0.0001001
0.0001001 0.9997998 0.0001001
0.0284364 0.0076989 0.9638647
0.0001015 0.0016123 0.9982862
0.0001016 0.0057525 0.9941459
0.0014017 0.0083481 0.9902502
0.0001016 0.0047319 0.9951665
0.0001001 0.9997997 0.0001001
0.0088012 0.0067485 0.9844502
0.0001017 0.5700296 0.4298687
0.0186383 0.0120010 0.9693607
0.0128659 0.0034243 0.9837098
0.0255352 0.0040468 0.9704180
0.0184554 0.0069985 0.9745460
0.0001015 0.0079074 0.9919911
0.0096757 0.0103386 0.9799858
0.0262969 0.0053019 0.9684012
0.0076315 0.0094734 0.9828951
0.0161499 0.0019537 0.9818964
0.0001016 0.0040394 0.9958590
0.0033364 0.0020004 0.9946632
0.0032595 0.0128381 0.9839024
0.0001015 0.0119566 0.9879419
0.0090389 0.0124592 0.9785019
0.0264510 0.0104304 0.9631186
0.0094050 0.0053747 0.9852203
0.0001016 0.0064810 0.9934174
0.0172169 0.0069580 0.9758251
0.0001016 0.0059215 0.9939770
0.0001015 0.0035118 0.9963867
0.0001015 0.0033131 0.9965854
0.0238666 0.0065280 0.9696054
0.0133281 0.0032921 0.9833799
0.0118039 0.0078135 0.9803826
0.0105385 0.0062592 0.9832023
0.0001016 0.0014544 0.9984441
0.0180988 0.0049638 0.9769374
0.0097778 0.0040324 0.9861898
0.0876639 0.0196666 0.8926696
0.0249346 0.0029722 0.9720932
0.0132744 0.0001016 0.9866241
0.0096503 0.0082228 0.9821269
0.0017952 0.0050642 0.9931406
0.0171883 0.0022315 0.9805802
0.0115656 0.0031714 0.9852630
0.0001015 0.0032554 0.9966431
0.0202522 0.0088941 0.9708537
0.0001016 0.0065021 0.9933964
0.0025707 0.0069290 0.9905003
0.0001016 0.0072967 0.9926018
0.0004976 0.0008748 0.9986275
0.0051060 0.0091299 0.9857640
0.0001016 0.0089601 0.9909383
0.0001016 0.0001016 0.9997969
0.0001015 0.0057375 0.9941610
0.0055695 0.0097188 0.9847116
0.0025565 0.0059516 0.9914919
0.0051571 0.0082282 0.9866147
0.0001016 0.0041418 0.9957566
0.0001016 0.0052088 0.9946896
0.0047201 0.0039836 0.9912964
0.0082438 0.0064707 0.9852855
0.0046471 0.0054590 0.9898939
0.0069027 0.0026263 0.9904709
0.0001016 0.0084723 0.9914261
0.0204417 0.0078784 0.9716799
0.0021834 0.0073366 0.9904800
0.0009778 0.0084222 0.9906000
0.0001016 0.0060508 0.9938476
0.0156818 0.0055132 0.9788051
0.0060707 0.0071071 0.9868222
0.0034630 0.0053637 0.9911733
0.0001016 0.0130518 0.9868466
0.0141185 0.0001016 0.9857799
0.0001015 0.0043277 0.9955708
0.0171957 0.0034023 0.9794020
0.0001016 0.0019062 0.9979922
0.0050952 0.0067640 0.9881408
0.0060044 0.0051431 0.9888526
0.0001015 0.0036885 0.9962100
0.0023958 0.0012429 0.9963613
0.0001015 0.0023007 0.9975978
0.0001016 0.0050333 0.9948651
0.0026436 0.0073067 0.9900498
0.0001014 0.0035584 0.9963402
0.0001016 0.0055785 0.9943200
0.0046618 0.0038274 0.9915108
0.0001003 0.9997993 0.0001003
0.0103875 0.0059033 0.9837092
0.0078943 0.0015551 0.9905506
0.9952238 0.0046747 0.0001015
0.9998000 0.0001000 0.0001000
0.9968377 0.0030608 0.0001014
0.9979786 0.0019202 0.0001011
0.9997990 0.0001005 0.0001005
0.7352048 0.0069750 0.2578202
0.9985833 0.0013155 0.0001012
0.9997995 0.0001002 0.0001002
0.9997985 0.0001007 0.0001007
0.9927728 0.0071270 0.0001002
0.9997995 0.0001002 0.0001002
0.9976392 0.0022597 0.0001011
0.9941108 0.0057875 0.0001017
0.9932913 0.0034700 0.0032388
0.9790485 0.0041654 0.0167860
0.9998000 0.0001000 0.0001000
0.9913313 0.0006237 0.0080449
0.9998000 0.0001000 0.0001000
0.9927184 0.0071803 0.0001013
0.9998000 0.0001000 0.0001000
0.9891732 0.0077145 0.0031124
0.9809462 0.0063970 0.0126567
0.9982098 0.0016889 0.0001014
0.9997984 0.0001008 0.0001008
0.9816959 0.0021229 0.0161812
0.9931325 0.0001017 0.0067658
0.9998000 0.0001000 0.0001000
0.9953726 0.0045262 0.0001013
0.0091654 0.0066405 0.9841941
0.0001016 0.0085007 0.9913977
0.2269392 0.0653324 0.7077284
0.0001015 0.0005882 0.9993102
0.0007024 0.0053061 0.9939916
0.0001016 0.0041691 0.9957293
0.0085722 0.0134283 0.9779995
0.0077339 0.0029145 0.9893516
0.0054777 0.0061223 0.9884000
0.0001016 0.0065015 0.9933969
0.0001015 0.0056585 0.9942400
0.0047564 0.0092886 0.9859550
0.0150932 0.0022237 0.9826831
0.0138057 0.0004788 0.9857154
0.0112303 0.0079942 0.9807755
0.0180298 0.0036971 0.9782730
0.0001016 0.0069189 0.9929795
0.0001015 0.0068168 0.9930817
0.0060023 0.0070658 0.9869319
0.0094621 0.0031899 0.9873481
0.0070717 0.0056437 0.9872846
0.0001016 0.0091419 0.9907566
0.0118373 0.0103949 0.9777678
0.0034525 0.0044790 0.9920685
0.0053188 0.0001016 0.9945796
0.0035366 0.0031530 0.9933104
0.0250880 0.0060884 0.9688236
0.0001015 0.0081644 0.9917340
0.0005011 0.0081681 0.9913309
0.0008601 0.0011744 0.9979655
0.0001016 0.0037087 0.9961898
0.0001015 0.0073985 0.9924999
0.0026285 0.0043671 0.9930044
0.0091777 0.0068030 0.9840192
0.0001016 0.0037647 0.9961337
0.0080260 0.0093054 0.9826686
0.0001015 0.0059980 0.9939004
0.0219065 0.0127931 0.9653004
0.0115610 0.0012971 0.9871419
0.0146881 0.0013453 0.9839666
0.0001016 0.0042020 0.9956964
0.0001016 0.0052529 0.9946455
0.0014782 0.0083375 0.9901842
0.0034616 0.0118859 0.9846525
0.0001016 0.0071481 0.9927503
0.0031781 0.0052807 0.9915411
0.0048863 0.0022807 0.9928330
0.0108463 0.0007932 0.9883605
0.0075036 0.0063290 0.9861674
0.0001016 0.0086646 0.9912338
0.0088301 0.0004355 0.9907344
0.0198536 0.0119555 0.9681909
0.0075805 0.0050515 0.9873680
0.0001016 0.0037161 0.9961823
0.0256039 0.0089067 0.9654894
0.0030562 0.0067378 0.9902060
0.0001016 0.0030917 0.9968068
0.0151695 0.0014549 0.9833757
0.0076699 0.0001016 0.9922284
0.0001015 0.0067182 0.9931803
0.0129402 0.0032693 0.9837904
0.0001016 0.0083140 0.9915844
0.0065922 0.0050247 0.9883831
0.0097733 0.0058065 0.9844201
0.0001016 0.0050844 0.9948140
0.0163482 0.0052858 0.9783661
0.0031395 0.0016644 0.9951961
0.0161640 0.0021560 0.9816800
0.0001016 0.0041018 0.9957967
0.0115609 0.0070798 0.9813592
0.0093571 0.0027687 0.9878742
0.0052273 0.0061136 0.9886591
0.0001015 0.0083823 0.9915162
0.0071812 0.0030629 0.9897559
0.0001016 0.0028488 0.9970496
0.0001016 0.0071983 0.9927001
0.0006937 0.0057348 0.9935715
0.0001015 0.0004567 0.9994417
0.0047159 0.0054233 0.9898609
0.0014564 0.0001016 0.9984420
0.0024596 0.0014618 0.9960786
0.0107329 0.0059183 0.9833487
0.0093657 0.0001016 0.9905327
0.0001015 0.0044448 0.9954537
0.0001015 0.0047437 0.9951548
0.0001015 0.0028728 0.9970257
0.0001015 0.0001015 0.9997970
0.0077924 0.0001016 0.9921060
0.0134457 0.0027675 0.9837868
0.0001014 0.0050876 0.9948109
0.0134807 0.0016132 0.9849062
0.0001016 0.0001016 0.9997969
0.0008813 0.0058184 0.9933002
0.0001016 0.0013637 0.9985347
0.0001015 0.0030046 0.9968939
0.0001016 0.0055778 0.9943206
0.0001016 0.0010873 0.9988111
0.0001015 0.0077341 0.9921643
0.0074573 0.0001016 0.9924411
0.0014071 0.0041340 0.9944589
