0.75402992893326648005 0.00000000100000000000 0.24597007006673352048 
0.11285811908029935724 0.88653563422127024118 0.00060624669843028795 
0.00469299553272352690 0.99525425336282136168 0.00005275110445521110 
0.64358388742797378868 0.06593132040419058537 0.29048479216783573698 
0.61256944937424329112 0.03124178943546169346 0.35618876119029496685 
0.66238258899421731396 0.01040899653034418199 0.32720841447543846936 
0.66698367760687782280 0.01807715631904308062 0.31493916607407906882 
0.02166648827591680440 0.97428027506005865366 0.00405323666402453500 
0.47822442099603140742 0.52170702819646408432 0.00006855080750452501 
0.45444782213590645403 0.24580997030244325363 0.29974220756165026458 
0.00037651120549511463 0.99960791981111385418 0.00001556898339111437 
0.01726656843546883063 0.98261740217461257529 0.00011602938991866942 
0.62401298594019938282 0.02335289161267130667 0.35263412244712932786 
0.75418946450811985560 0.00000000100000000000 0.24581053449188020044 
0.47319653224162766536 0.00000073680261425741 0.52680273095575802511 
0.61494859284136849098 0.00000000100000000000 0.38505140615863142628 
0.59905324193831444024 0.00000000100000000000 0.40094675706168553253 
0.19870859744506433331 0.73716674103689550090 0.06412466151804008252 
0.53897164900294924905 0.00000000100000000000 0.46102834999705077923 
0.50164075275524577791 0.49835924624475419487 0.00000000100000000000 
0.00000000100000000000 0.01212778298137270720 0.98787221601862729159 
0.75114615932724204672 0.00160475582809097581 0.24724908484466712189 
0.51586569349016342390 0.02198655352952618575 0.46214775298031035566 
0.48223935267479306477 0.01080625423805674917 0.50695439308715017912 
0.57690571652082278664 0.00121846810737326902 0.42187581537180390834 
0.62726404446894601374 0.00294972007902457494 0.36978623545202937706 
0.00000000100000000000 0.00000781863133292977 0.99999218036866699411 
0.40616846736524464534 0.00683287185022025869 0.58699866078453510898 
0.51871771255077869789 0.00097369865477168473 0.48030858879444970899 
0.67106231683228012574 0.00000000100000000000 0.32893768216771973600 
0.38168249376763840885 0.01037854094196708453 0.60793896529039459509 
0.00000000099999999999 0.00000000099999999999 0.99999999799999994554 
0.46385956101451769618 0.00000000100000000000 0.53614043798548216557 
0.49386460250008373807 0.02230681170042805167 0.48382858579948828659 
0.34845216634836284619 0.03018560885330869373 0.62136222479832847743 
0.35972706619556227281 0.01769969394494039228 0.62257323985949730716 
0.64699178942190627151 0.00000000099999999999 0.35300820957809375678 
0.38163788922262398273 0.00398598685708768073 0.61437612392028839725 
0.59962348914326213389 0.00286048472263760985 0.39751602613410030873 
0.00000000099999999999 0.00000000099999999999 0.99999999799999994554 
0.99004264035777167496 0.00995735864222826658 0.00000000100000000000 
0.00003338751673183157 0.00841574001054903875 0.99155087247271911366 
0.39407196561383356359 0.03190891574385282953 0.57401911864231369709 
0.47206327639306278066 0.00000000100000000000 0.52793672260693724763 
0.99999999800000005656 0.00000000099999999999 0.00000000099999999999 
0.52422716254377943468 0.00763460515405307936 0.46813823230216738969 
0.47093081417664217625 0.00580365880780483057 0.52326552701555295588 
0.43885198346498466293 0.02515297548269098890 0.53599504105232431694 
0.47271070702819073528 0.10281917635024920288 0.42447011662156014511 
0.38128764980143420305 0.04686651530205668964 0.57184583489650908650 
0.55925343903497892750 0.01165180607206616967 0.42909475489295495487 
0.66620559966777403993 0.00671796759093670412 0.32707643274128928024 
0.99045339399563714355 0.00954660500436272340 0.00000000100000000000 
0.51063248623475698817 0.00005336871481007136 0.48931414505043280272 
0.00000000100000000000 0.00000000100000000000 0.99999999800000005656 
0.65558040406897422070 0.00000000100000000000 0.34441959493102586309 
0.45722152753739520037 0.02591497974797620299 0.51686349271462861399 
0.57733328731345556761 0.00489847637410950176 0.41776823631243498181 
0.56262596421669663904 0.00000000100000000000 0.43737403478330350026 
0.51438167326003503277 0.00244904113584895220 0.48316928560411603888 
0.44639553083555771895 0.02664052042069359888 0.52696394874374874462 
0.39671873690424336312 0.00000000100000000000 0.60328126209575660965 
0.39290034095813874959 0.01883971358769410270 0.58825994545416715464 
0.61159448491606660525 0.00159727450355210202 0.38680824058038137947 
0.55331119530877914681 0.00000000100000000000 0.44668880369122093699 
0.47889805295204135316 0.00128389859456228776 0.51981804845339629750 
0.69802001296244131634 0.00695548482727416373 0.29502450221028447830 
0.00000000099999999999 0.00000000099999999999 0.99999999799999994554 
0.00000000099999999999 0.00000000099999999999 0.99999999800000005656 
0.60217101746031631571 0.00000000100000000000 0.39782898153968371258 
0.51052693211275790297 0.00000000100000000000 0.48947306688724218082 
0.49640283477178576144 0.01449573429941739162 0.48910143092879682092 
0.51193626125405700122 0.00000000100000000000 0.48806373774594302706 
0.47253478008973959223 0.02005472070847646657 0.50741049920178393773 
0.55040175546245029281 0.01007287228544351265 0.43952537225210625005 
0.40321735169117983721 0.03413466433114996368 0.56264798397767024074 
0.55647552270357858450 0.00909125714003486060 0.43443322015638663469 
0.62131834604903390940 0.08690113002844628010 0.29178052392251985214 
0.45891015915326860419 0.00649429524172671913 0.53459554560500466280 
0.96473645057081991450 0.03526354742179015067 0.00000000200738987181 
0.98733072911728103627 0.01266926988271887405 0.00000000100000000000 
0.55729135999607604113 0.00000000100000000000 0.44270863900392398715 
0.59646531461199814306 0.00000000100000000000 0.40353468438800194074 
0.77296783795708123854 0.00000000100000000000 0.22703216104291867872 
0.64587108149036698279 0.00000000100000000000 0.35412891750963315651 
0.64986977741124085650 0.01940339058193929489 0.33072683200681990412 
0.50569628900020069384 0.00000000100000000000 0.49430370999979944546 
0.99369031961263631914 0.00630967938736369006 0.00000000100000000000 
0.51978819019207156416 0.00713567468516069277 0.47307613512276774914 
0.99999989091986052347 0.00000000099999999999 0.00000010808013941427 
0.57366232517148763037 0.01301046502176517704 0.41332720980674730882 
0.64553579454583176478 0.00000000100000000000 0.35446420445416826350 
0.71685830843906606091 0.00000000100000000000 0.28314169056093396737 
0.61991228422827426847 0.01887601233114460930 0.36121170344058123325 
0.68256924656842210553 0.00000000100000000000 0.31743075243157803378 
0.58020533896734460821 0.00979929234650746099 0.40999536868614799845 
0.99999999799999994554 0.00000000100000000000 0.00000000100000000000 
0.47204009628936338672 0.42225993681920048761 0.10569996689143623669 
0.72519904100193688379 0.00000000100000000000 0.27480095799806325552 
0.63233455971060492651 0.01583654712181219171 0.35182889316758297893 
0.00000000099999999997 0.99999999799999994554 0.00000000099999999997 
0.00000000099999999996 0.99999999799999994554 0.00000000099999999996 
0.00000000099999999999 0.99999999799999994554 0.00000000099999999999 
0.00000000099999999996 0.99999999799999994554 0.00000000099999999996 
0.00000000099999999997 0.99999999799999994554 0.00000000099999999997 
0.00000000100000000000 0.70448494694625862778 0.29551505205374123397 
0.00000000099999999997 0.99999999799999994554 0.00000000099999999997 
0.00000000099999999996 0.99999999800000005656 0.00000000099999999996 
0.00000000099999999998 0.99999999799999994554 0.00000000099999999998 
0.00000000099999999996 0.99999999800000005656 0.00000000099999999996 
0.00000000099999999996 0.99999999800000005656 0.00000000099999999996 
0.00000000099999999994 0.99999999799999994554 0.00000000099999999994 
0.00000000099999999998 0.99999999800000005656 0.00000000099999999998 
0.00000000099999999999 0.99999999800000005656 0.00000000099999999999 
0.00000000099999999999 0.99999999800000005656 0.00000000099999999999 
0.00000000099999999997 0.99999999800000005656 0.00000000099999999997 
0.00000000099999999999 0.99999999800000005656 0.00000000099999999999 
0.00000000099999999995 0.99999999799999994554 0.00000000099999999995 
0.00000000099999999998 0.99999999800000005656 0.00000000099999999998 
0.00000000099999999995 0.99999999799999994554 0.00000000099999999995 
0.00000000099999999997 0.99999999800000005656 0.00000000099999999997 
0.00000000099999999998 0.99999999799999994554 0.00000000099999999998 
0.00000000099999999998 0.99999999800000005656 0.00000000099999999998 
0.00000000099999999994 0.99999999800000005656 0.00000000099999999994 
0.00000000099999999998 0.99999999800000005656 0.00000000099999999998 
0.00000000099999999999 0.99999999799999994554 0.00000000099999999999 
0.00000000099999999995 0.99999999799999994554 0.00000000099999999995 
0.00000000099999999996 0.99999999799999994554 0.00000000099999999996 
0.45409758496220697932 0.00689489556830019928 0.53900751946949287952 
0.54831669797561866098 0.00000000100000000000 0.45168330102438136731 
0.30656498249850000493 0.23173222724160152941 0.46170279025989846566 
0.99999999799999994554 0.00000000099999999999 0.00000000099999999999 
0.80002737950788183063 0.00701647008826440134 0.19295615040385374894 
0.55369741762717716860 0.00775234235923649359 0.43855024001358644536 
0.53659928659070887935 0.00965869970644918190 0.45374201370284206192 
0.47270016741404774496 0.04333086908869768911 0.48396896349725465614 
0.58517659617808381878 0.00260034198387035882 0.41222306183804585666 
0.49729586480259746484 0.00382188027476165152 0.49888225492264098859 
0.00000000099999999999 0.00000000099999999999 0.99999999799999994554 
0.99999998776074705553 0.00000001123925285420 0.00000000100000000000 
0.66254088586884696266 0.00675319455743547681 0.33070591957371764380 
0.34040627475829177140 0.00000000100000000000 0.65959372424170825688 
0.29477331279914154027 0.02592489269576099542 0.67930179450509753369 
0.47456316768448958410 0.00302590865398835729 0.52241092366152208637 
0.55972656462205738759 0.00689620126147636858 0.43337723411646622562 
0.45667310490282914115 0.00000000099999999999 0.54332689409717094264 
0.54781192776369014297 0.02128901460853308003 0.43089905762777680476 
0.53431732273035892344 0.00000000100000000000 0.46568267626964104933 
0.30847808296210094126 0.01226044830881994896 0.67926146872907910979 
0.31067580029246794071 0.00000000099999999999 0.68932419870753214308 
0.57103548225148514916 0.02269542726439615146 0.40626909048411879999 
0.68406030477993007288 0.00890754855446863718 0.30703214666560124657 
0.27117051128053037967 0.00376384696312602419 0.72506564175634358183 
0.57018026107010477688 0.03060959516758548701 0.39921014376230973264 
0.60879759555825307960 0.02916140353748736952 0.36204100090425955782 
0.47238487640739151852 0.00000000100000000000 0.52761512259260834323 
0.99999999800000005656 0.00000000099999999999 0.00000000099999999999 
0.52186084720648162616 0.00118281433364619110 0.47695633845987228661 
0.44470010060420617215 0.00000000100000000000 0.55529989839579385613 
0.46668146794509546282 0.00000000100000000000 0.53331853105490456546 
0.48797901352683986653 0.00365557797596036864 0.50836540849719979995 
0.00000000099999999999 0.00000000099999999999 0.99999999799999994554 
0.41520085711073911883 0.00000000100000000000 0.58479914188926085394 
0.43684608763090532202 0.01607666928003991316 0.54707724308905480992 
0.77239821164032462786 0.00286906600115854156 0.22473272235851679546 
0.70806541987394922000 0.01511368184790394011 0.27682089827814687633 
0.00000000313254614187 0.01059035728270616566 0.98940963958474770212 
0.99382390980736023955 0.00617608919263976097 0.00000000100000000000 
0.44933301074228143568 0.00000000100000000000 0.55066698825771853709 
0.40892020540647616711 0.00000000099999999999 0.59107979359352369464 
0.53795571914736761698 0.00000000100000000000 0.46204427985263235579 
0.51799814597433357921 0.02430945598224254489 0.45769239804342387590 
0.42338531328129813680 0.01169535795359781354 0.56491932876510408956 
0.40259690044637175266 0.00000000100000000000 0.59740309855362816460 
0.60454606836528368419 0.00000000100000000000 0.39545393063471628858 
0.78989554749837587178 0.00271796257302321827 0.20738648992860098108 
0.50914854781981433440 0.00177528266414512343 0.48907616951604043765 
0.61932479184252264837 0.00119501449751965188 0.37948019365995772079 
0.41798964412846506544 0.01613973188659444113 0.56587062398494047955 
0.29209212089482217145 0.03288442319961447369 0.67502345590556334098 
0.70134593916289278415 0.01336030309841103672 0.28529375773869602995 
0.48962446831758188459 0.00000000100000000000 0.51037553068241803267 
0.00000000100000000000 0.00499893859040815864 0.99500106040959190867 
0.30693931612856656388 0.01241643968726179222 0.68064424418417168727 
0.00000000099999999999 0.00000000099999999999 0.99999999800000005656 
0.55981362040469639929 0.00060708796872579595 0.43957929162657782829 
0.67843432321751162561 0.00709092072715129633 0.31447475605533697918 
0.52813313347124535291 0.00000000100000000000 0.47186686552875456435 
0.00000000099999999999 0.00000000099999999999 0.99999999799999994554 
0.62600657072788901125 0.00699525221188629105 0.36699817706022475061 
0.67158293960797110778 0.01860539085503974677 0.30981166953698918709 
0.71384724897191376147 0.00504868413951066811 0.28110406688857558777 
0.70480412415286886052 0.00000000100000000000 0.29519587484713127878 
0.47482352300730290562 0.03303278530672094232 0.49214369168597615900 
0.53381493628978216037 0.00000000100000000000 0.46618506271021781240 
0.40988502810891075390 0.03692681211330763047 0.55318815977778168502 
0.56694388842530007988 0.00000000100000000000 0.43305611057470005942 
0.48624502912653883024 0.00000000100000000000 0.51375496987346114253 
0.62966311063687474547 0.00000000100000000000 0.37033688836312533832 
0.70314212150850163852 0.01036730248152056832 0.28649057600997779316 
0.99999999800000005656 0.00000000099999999999 0.00000000099999999999 
0.74383041175355679719 0.01437124123417695028 0.24179834701226626814 
0.48921923137097944601 0.00000000100000000000 0.51078076762902058228 
0.79688489698940867534 0.00000000100000000000 0.20311510201059124192 
0.48658456734806238009 0.01329533138676572933 0.50012010126517192354 
0.58112852251884727917 0.00000000100000000000 0.41887147648115263809 
0.39223128735589868343 0.00000000100000000000 0.60776871164410128934 
0.53793836420544138832 0.00000000100000000000 0.46206163479455852894 
0.00000000099999999999 0.00000000099999999999 0.99999999799999994554 
0.96941097332711212431 0.03058902567288786928 0.00000000100000000000 
0.60473932695165444340 0.02940135310065083302 0.36585931994769477216 
0.42597779869084889670 0.00476176576723338386 0.56926043554191774199 
0.71904224966954599640 0.00000000099999999999 0.28095774933045397637 
0.43811434864078840912 0.00000000099999999999 0.56188565035921156365 
0.37907138793733491378 0.00000000099999999999 0.62092861106266517002 
0.62170109831006370449 0.00955991984648963192 0.36873898184344672257 
0.99643059275264556085 0.00356940624735425970 0.00000000100000000000 
0.62959198752448275460 0.00020851744935054407 0.37019949502616672499 
0.53989279740806905838 0.00007270703626538648 0.46003449555566544582 
0.33574268610754248732 0.00000000100000000000 0.66425731289245759648 
0.79307062049643339829 0.00000000100000000000 0.20692937850356660223 
0.60298160208093309897 0.00000000099999999999 0.39701839691906692931 
0.72147690958374011139 0.00000000099999999999 0.27852308941625997241 
0.59065206547965121153 0.00022419404093440988 0.40912374047941441058 
0.98784867713917257070 0.01215132186082752350 0.00000000100000000000 
0.46926958139923541369 0.00000000100000000000 0.53073041760076455908 
0.51508624636518396400 0.00036875541811997198 0.48454499821669605453 
0.53817980294755229931 0.00000000100000000000 0.46182019605244778448 
