0.99212814576828223245 0.00000000099999999999 0.00787185323171784787 
0.00000000099999999975 0.00000000099999999975 0.99999999799999994554 
0.00000000099999999970 0.00000000099999999970 0.99999999799999994554 
0.91203738634044029254 0.03731339894396008133 0.05064921471559968857 
0.90921759747860475542 0.00000000213894063124 0.09078240038245467824 
0.97304832482713254915 0.01186735213039455047 0.01508432304247287609 
0.98427022479089065765 0.01135714627243835338 0.00437262893667100284 
0.00000000099999999973 0.00000000099999999973 0.99999999800000005656 
0.00000000099999999976 0.00000000099999999976 0.99999999799999994554 
0.00000000099999999983 0.00000000099999999983 0.99999999799999994554 
0.00000000099999999972 0.00000000099999999972 0.99999999800000005656 
0.00000000099999999973 0.00000000099999999973 0.99999999799999994554 
0.97032957021079357940 0.02037891140978689494 0.00929151837941956209 
0.99998843768733025605 0.00001145339316718724 0.00000010891950252664 
0.99392882188864861703 0.00607117711135145722 0.00000000100000000000 
0.98613200947123702544 0.00012511262953578977 0.01374287789922726787 
0.99891428512009983187 0.00000000100000000000 0.00108571387990024693 
0.00000000099999999973 0.00000000099999999973 0.99999999800000005656 
0.99999007210236334764 0.00000000757549562373 0.00000992032214100543 
0.46934102359385720948 0.00000000100000000000 0.53065897540614281880 
0.95957212687961535025 0.03085468477557447298 0.00957318834481017851 
0.98629072255809724368 0.00532450689976720140 0.00838477054213565207 
0.96910883154540861106 0.02692363465710562176 0.00396753379748586519 
0.97294170709247940199 0.01617693427394975222 0.01088135863357085967 
0.99021189466695291870 0.00650890866937041401 0.00327919666367669331 
0.98855698291106730569 0.00000733936871349099 0.01143567772021916035 
0.96828013956109515448 0.03171985943890478360 0.00000000100000000000 
0.98071259674395205863 0.01928740225604785169 0.00000000100000000000 
0.98383070974649278195 0.01568270420037567656 0.00048658605313159749 
0.99368064379507969885 0.00000000100000000000 0.00631935520492025483 
0.97892412460865385615 0.02107587439134608193 0.00000000100000000000 
0.97360563652000420287 0.01318338883171988642 0.01321097464827589857 
0.99818012294833735609 0.00000000100000000000 0.00181987605166262145 
0.96778158982677064959 0.02157654813604094335 0.01064186203718849900 
0.95736865212431176975 0.03939693337387131095 0.00323441450181690673 
0.98128548213218291796 0.01871451686781698195 0.00000000100000000000 
0.99015400526183772190 0.00000000099999999999 0.00984599373816226996 
0.98878587053769384507 0.01121412846230610862 0.00000000099999999999 
0.98279290940126673437 0.00586603217758397029 0.01134105842114938381 
0.99930910489380797568 0.00069089410619204122 0.00000000099999999999 
0.97648719848945442212 0.02151326382609569307 0.00199953768444999843 
0.97848376669279468754 0.02071071583300945762 0.00080551747419583945 
0.95481774349309778138 0.04149685628583095476 0.00368540022107114330 
0.98687247539449807210 0.00001748815352442905 0.01311003645197745919 
0.99653856295271292520 0.00000000100000000000 0.00346143604728705494 
0.98374932226372124866 0.01137376583321694605 0.00487691190306184779 
0.97707418164581782971 0.02157443662407385401 0.00135138173010837786 
0.96481297654754694104 0.03271437020115355171 0.00247265325129948643 
0.87520057738089485078 0.12082139406283118332 0.00397802855627398932 
0.94650708443901410138 0.04859826657319849669 0.00489464898778745050 
0.98581749551235708928 0.01418250348764280543 0.00000000100000000000 
0.98410241137603382544 0.00885978634651282161 0.00703780227745336336 
0.97811111026679620206 0.01577473124591469850 0.00611415848728907863 
0.98995089169989403111 0.00502126774970045736 0.00502784055040554970 
0.96739901585283405439 0.03260098314716601553 0.00000000099999999999 
0.99193983007717290157 0.00633135398244248550 0.00172881594038469424 
0.97693999257941799286 0.01105970758686931205 0.01200029983371261010 
0.99100739398849524431 0.00024991857867901374 0.00874268743282564757 
0.98886960224377307149 0.00548561667886724325 0.00564478107735972255 
0.99190546000417900707 0.00267643501927552216 0.00541810497654544778 
0.97419000204661865272 0.02580890027127091119 0.00000109768211045688 
0.99383504459571347933 0.00033051958836756928 0.00583443581591890515 
0.96765201458525496037 0.01941973524065670337 0.01292825017408838484 
0.99591694935994845572 0.00408304964005148062 0.00000000099999999999 
0.99093525915013014327 0.00906473984986980695 0.00000000100000000000 
0.99907570606290840853 0.00092048148621469211 0.00000381245087692223 
0.98623776982165256566 0.00137533966832208534 0.01238689051002541362 
0.99491910279920481308 0.00000618628360082284 0.00507471091719431840 
0.98846026668383679681 0.01083947164482512542 0.00070026167133807778 
0.99334683292444536651 0.00665316607555462101 0.00000000099999999999 
0.98953951918004412480 0.01046047981995585317 0.00000000100000000000 
0.98269518097241215226 0.01730481802758787949 0.00000000099999999999 
0.99766513294051517580 0.00233486605948482169 0.00000000100000000000 
0.98299706502173567202 0.01700293397826432504 0.00000000099999999999 
0.97995587188979738080 0.00852859761518971575 0.01151553049501280804 
0.95251451509921480909 0.04502182819680729947 0.00246365670397782508 
0.98708741796829169157 0.00684876366177187158 0.00606381836993635879 
0.97106254946340719858 0.02022075326191629524 0.00871669727467650444 
0.98681301709500279795 0.00843738217969521205 0.00474960072530198566 
0.97295489321802397509 0.02641144826905329410 0.00063365851292278470 
0.96710607649357549498 0.02514050735732063779 0.00775341614910390713 
0.99622813268009102750 0.00377186631990904415 0.00000000100000000000 
0.99243366770364160878 0.00360757373248738952 0.00395875856387100690 
0.98919998256023944361 0.01080001643976046845 0.00000000099999999999 
0.99999999799999994554 0.00000000099999999999 0.00000000099999999999 
0.96976356088021586910 0.02766226554906260973 0.00257417357072153635 
0.99999999800000005656 0.00000000100000000000 0.00000000100000000000 
0.98713842818079666763 0.01099234654868990781 0.00186922527051340613 
0.99098624159107095988 0.00897943325627942844 0.00003432515264958037 
0.99999999800000005656 0.00000000099999999999 0.00000000099999999999 
0.98939286814777693824 0.01060713085222291657 0.00000000100000000000 
0.99863655143443053053 0.00000000100000000000 0.00136344756556965431 
0.99474557601107715943 0.00000000480528042010 0.00525441918364245430 
0.97354001632711850700 0.02140394742150341853 0.00505603625137806666 
0.99421059791469168498 0.00000605298724429238 0.00578334909806401364 
0.98065904783261959032 0.01185503847671208130 0.00748591369066835266 
0.99538760123311520456 0.00461239776688474913 0.00000000100000000000 
0.00000000099999999974 0.00000000099999999974 0.99999999799999994554 
0.99383571875365250836 0.00004180264140410479 0.00612247860494343540 
0.97759625917321790745 0.02238745446440625064 0.00001628636237580068 
0.00000000099999999997 0.99999999799999994554 0.00000000099999999997 
0.00000000099999999996 0.99999999799999994554 0.00000000099999999996 
0.00000000099999999998 0.99999999799999994554 0.00000000099999999998 
0.00000000099999999996 0.99999999800000005656 0.00000000099999999996 
0.00000000099999999997 0.99999999800000005656 0.00000000099999999997 
0.30420115273338177442 0.68597209083975785315 0.00982675642686042447 
0.00000000099999999996 0.99999999800000005656 0.00000000099999999996 
0.00000000099999999995 0.99999999799999994554 0.00000000099999999995 
0.00000000099999999997 0.99999999800000005656 0.00000000099999999997 
0.00000000099999999997 0.99999999799999994554 0.00000000099999999997 
0.00000000099999999995 0.99999999800000005656 0.00000000099999999995 
0.00000000099999999995 0.99999999799999994554 0.00000000099999999995 
0.00000000099999999996 0.99999999799999994554 0.00000000099999999996 
0.00000000099999999998 0.99999999800000005656 0.00000000099999999998 
0.00000000099999999998 0.99999999799999994554 0.00000000099999999998 
0.00000000099999999996 0.99999999800000005656 0.00000000099999999996 
0.00000000099999999999 0.99999999800000005656 0.00000000099999999999 
0.00000000099999999995 0.99999999800000005656 0.00000000099999999995 
0.00000000099999999998 0.99999999800000005656 0.00000000099999999998 
0.00000000099999999995 0.99999999800000005656 0.00000000099999999995 
0.00000000099999999997 0.99999999800000005656 0.00000000099999999997 
0.00000000099999999998 0.99999999800000005656 0.00000000099999999998 
0.00000000099999999996 0.99999999799999994554 0.00000000099999999996 
0.00000000099999999994 0.99999999800000005656 0.00000000099999999994 
0.00000000099999999997 0.99999999800000005656 0.00000000099999999997 
0.00000000099999999997 0.99999999799999994554 0.00000000099999999997 
0.00000000099999999995 0.99999999799999994554 0.00000000099999999995 
0.00000000099999999997 0.99999999799999994554 0.00000000099999999997 
0.98954408912452440639 0.00423344610357485277 0.00622246477190074171 
0.99915140646624878151 0.00000000100000000000 0.00084859253375112263 
0.74187373831926095580 0.22219645120218026180 0.03592981047855878934 
0.99774687676630979816 0.00000000100000000000 0.00225312223369033247 
0.99506469153611809553 0.00123825321084058667 0.00369705525304138806 
0.98515257733230310322 0.00997585174278546420 0.00487157092491142737 
0.98064510951927774673 0.00914567714971144773 0.01020921333101079340 
0.95724158345986465335 0.04275841554013541657 0.00000000100000000000 
0.99140780662434857540 0.00159541763954635231 0.00699677573610500529 
0.99327453088274342274 0.00000000100000000000 0.00672546811725655176 
0.99246896191089628569 0.00753103708910371396 0.00000000100000000000 
0.99260993630728211468 0.00068803880471637565 0.00670202488800144235 
0.98422970724608305204 0.01577029175391700400 0.00000000100000000000 
0.99993597330083427988 0.00006402569916565130 0.00000000099999999999 
0.96773282030794638420 0.02762452418166175608 0.00464265551039178773 
0.98911624892375138440 0.00230898838254943841 0.00857476269369918456 
0.98381161660790261703 0.01450413855870925743 0.00168424483338815460 
0.98848049734315179826 0.00000000100000000000 0.01151950165684813808 
0.96886211420095069702 0.02638671292740335170 0.00475117287164595475 
0.99999999800000005656 0.00000000100000000000 0.00000000100000000000 
0.96982328991102084714 0.01993148421155870390 0.01024522587742047845 
0.99999999799999994554 0.00000000099999999999 0.00000000099999999999 
0.97215568117379502766 0.02049249763618866960 0.00735182119001640422 
0.98535277653980779533 0.01356458779565673615 0.00108263566453550733 
0.98213684972548720431 0.01786314927451285173 0.00000000099999999999 
0.96548334701991656015 0.02864279933435801700 0.00587385364572541504 
0.97348087608772804202 0.02651912291227191340 0.00000000100000000000 
0.99215659761296781660 0.00000000100000000000 0.00784340138703226025 
0.99902974739824934591 0.00000000100000000000 0.00097025160175078396 
0.99116665103682477511 0.00000000180192816733 0.00883334716124706439 
0.99860780173414320782 0.00139219726585670229 0.00000000099999999999 
0.99806361047584535306 0.00000000100000000000 0.00193638852415480359 
0.99203576304565521671 0.00210045672484083590 0.00586378022950406492 
0.99330751671230899102 0.00079926073642957605 0.00589322255126142024 
0.99549732413901614869 0.00446504378654370357 0.00003763207444021692 
0.97973281274027756993 0.01540774070638478016 0.00485944655333769415 
0.99690064496250063719 0.00000325767915533966 0.00309609735834410864 
0.97537277176429026948 0.01119040126981923726 0.01343682696589038744 
0.98380450346559877861 0.01619549553440123579 0.00000000100000000000 
0.98608707001500139899 0.01391292898499871949 0.00000000099999999999 
0.99874860318101033041 0.00000000100000000000 0.00125139581898972606 
0.98774982156527424415 0.00000000100000000000 0.01225017743472569393 
0.99953404645692156549 0.00000000100000000000 0.00046595254307854242 
0.97804270216963007378 0.02052211666262691511 0.00143518116774291765 
0.98263843553981411461 0.01125078930371485424 0.00611077515647109448 
0.97691806304883843648 0.02308128407494207737 0.00000065287621954905 
0.99869556651121116353 0.00130443248878885998 0.00000000099999999999 
0.98148989580105083785 0.01851010319894921471 0.00000000100000000000 
0.99280035643569342074 0.00023255928773515013 0.00696708427657139612 
0.98838191966022492796 0.00000000100000000000 0.01161807933977507430 
0.97274634769396628453 0.02725365130603368477 0.00000000100000000000 
0.95500682685830284857 0.03843126444280031001 0.00656190869889686050 
0.97740015549923842109 0.01272097391848780838 0.00987887058227380176 
0.99918995185818237914 0.00033503797271775850 0.00047501016909991928 
0.96782776303114947947 0.02213779370870400456 0.01003444326014653332 
0.96862685870632414531 0.02680669198723104052 0.00456644930644477774 
0.98742573507673403466 0.00000000100000000000 0.01257426392326585658 
0.98934685238181596656 0.01065314661818391601 0.00000000100000000000 
0.99263048051652602588 0.00736951848347378816 0.00000000099999999999 
0.99345723097769900178 0.00000000100000000000 0.00654276802230112711 
0.98706617693985176931 0.01213383745125473298 0.00079998560889350790 
0.98643332696874230781 0.00558354894412174500 0.00798312408713599750 
0.97460570443858973722 0.01456792697453300305 0.01082636858687721117 
0.98712014732084496504 0.01262558831331233797 0.00025426436584263166 
0.99442490630369884119 0.00000000675623861291 0.00557508694006263964 
0.96298239862471046724 0.03407632401516864917 0.00294127736012090310 
0.99793165688785245848 0.00000000257857800113 0.00206834053356956191 
0.95826408882242275489 0.03369496103512324703 0.00804095014245393910 
0.99999990683987416418 0.00000000100000000000 0.00000009216012595876 
0.98480992994867078139 0.00845684191434949335 0.00673322813697972006 
0.99999999800000005656 0.00000000099999999999 0.00000000099999999999 
0.98098607174030816314 0.01249204746227833805 0.00652188079741341121 
0.98934245011093979727 0.00000000100000000000 0.01065754888906025183 
0.97807718708784807671 0.01886511219827387287 0.00305770071387800879 
0.99999999800000005656 0.00000000099999999998 0.00000000099999999998 
0.99057638240941070507 0.00000000100000000000 0.00942361659058925036 
0.98364707893274350159 0.01635292006725660996 0.00000000100000000000 
0.99710779637023749800 0.00029767483804459877 0.00259452879171791651 
0.98971387993672910177 0.00000000100000000000 0.01028611906327102019 
0.99295397916292549301 0.00400891333725893369 0.00303710749981561147 
0.99578645496987150398 0.00229145996753634101 0.00192208506259219990 
0.97787543179789637726 0.02212456720210363367 0.00000000099999999999 
0.95639671003548731854 0.03686584446201653098 0.00673744550249616089 
0.99306933104865136031 0.00693066795134855435 0.00000000100000000000 
0.99772052034910163609 0.00000000099999999999 0.00227947865089824214 
0.99991480516359287911 0.00001290066929022012 0.00007229416711686872 
0.99999999799999994554 0.00000000099999999999 0.00000000099999999999 
0.98579609278677005069 0.01420390621322986831 0.00000000100000000000 
0.98524670391556679050 0.01475329508443312503 0.00000000099999999999 
0.98561226671026758162 0.00820198095939442783 0.00618575233033801571 
0.99416678336712471786 0.00283148580864011658 0.00300173082423524319 
0.99999999800000005656 0.00000000099999999999 0.00000000099999999999 
0.99875365632792456605 0.00000000100000000000 0.00124634267207554593 
0.99514581332222462606 0.00000000100000000000 0.00485418567777549503 
0.99999999800000005656 0.00000000099999999998 0.00000000099999999998 
0.99999666701169209748 0.00000333198830782436 0.00000000100000000000 
0.98618380762853796728 0.01381619137146211304 0.00000000099999999999 
0.97982718412529801189 0.00746196443388587229 0.01271085144081604210 
0.99628198321291705497 0.00371801578708297678 0.00000000100000000000 
0.99999996866623130920 0.00000003033376858742 0.00000000099999999999 
