0.00000000099999999999 0.78190143097180342391 0.21809856802819660437 
0.00000000099999999994 0.00000000099999999994 0.99999999800000005656 
0.00000000099999999992 0.00000000099999999992 0.99999999800000005656 
0.05477300284305977596 0.73700548090758355446 0.20822151624935664183 
0.00000000100000000000 0.77424985860377959490 0.22575014039622043338 
0.00540909142107854832 0.84447105228656094145 0.15011985629236046513 
0.01330314854518587463 0.79826210291582588852 0.18843474853898842247 
0.00000000099999999993 0.00000000099999999993 0.99999999799999994554 
0.00000000099999999995 0.00000000099999999995 0.99999999799999994554 
0.00000000099999999994 0.00000000099999999994 0.99999999799999994554 
0.00000000099999999993 0.00000000099999999993 0.99999999799999994554 
0.00000000099999999994 0.00000000099999999994 0.99999999800000005656 
0.02227647836725778555 0.83249951701126245762 0.14522400462147969091 
0.00118285379491528614 0.90006925307562990479 0.09874789312945481123 
0.00000000099999999999 0.79124204079848492466 0.20875795820151496485 
0.00171846573991802721 0.90177369646448179985 0.09650783779560011266 
0.00147768616268091212 0.89116731254607495227 0.10735500129124427027 
0.00000000099999999994 0.00000000099999999994 0.99999999799999994554 
0.00000000100000000000 0.78301816089012432620 0.21698183810987572984 
0.00000000099999999996 0.00000000099999999996 0.99999999800000005656 
0.02237583645989495162 0.97762416254010497951 0.00000000099999999999 
0.00807177167957449579 0.89429842315093666105 0.09762980516948881193 
0.02275696615098361450 0.86382418949094319505 0.11341884435807307596 
0.03642626750700033583 0.96357373149299951898 0.00000000100000000000 
0.00000000100000000000 0.83297608229742436947 0.16702391670257552003 
0.00751722543482261692 0.91235022213402661162 0.08013255243115069426 
0.04090656594035210064 0.95909343305964789295 0.00000000099999999999 
0.00000000100000000000 0.89035722162616615094 0.10964277737383384959 
0.01758993360641365050 0.91247514947713848077 0.06993491691644794506 
0.00000000100000000000 0.88326955697465303619 0.11673044202534704761 
0.00374612404227762626 0.91761199871857124233 0.07864187723915122552 
0.00941231938162540895 0.80560147190416109275 0.18498620871421359024 
0.00000000100000000000 0.84916580229544136316 0.15083419670455858186 
0.00236103963488543209 0.79397889990194792098 0.20366006046316662004 
0.03764330138238471818 0.96235669761761533092 0.00000000100000000000 
0.01222349175717193925 0.89989511350666695488 0.08788139473616109199 
0.00000000099999999999 0.84386704117620925381 0.15613295782379074672 
0.00912872489118411387 0.85417949295537320964 0.13669178215344263139 
0.00000000100000000000 0.89206337197366358804 0.10793662702633644024 
0.00000000100000000000 0.97766870207086520317 0.02233129692913479389 
0.00000000099999999999 0.85044890123113092706 0.14955109776886924000 
0.01776840178140998150 0.87785802803635892833 0.10437357018223111793 
0.01993814164800704336 0.98006185735199280451 0.00000000100000000000 
0.00115384723571107148 0.82478124385955864373 0.17406490890473028110 
0.01324204743872040881 0.87410641553823043015 0.11265153702304923911 
0.00000000100000000000 0.95737510585655583029 0.04262489314344430902 
0.02642901783079569175 0.97357098116920426367 0.00000000100000000000 
0.01523820663560545088 0.89242999567746461587 0.09233179768692990896 
0.11731869979807484083 0.88268129920192506255 0.00000000099999999999 
0.02227217465521667134 0.86234788000856221757 0.11537994533622110416 
0.01301777502134901857 0.98698222397865098543 0.00000000099999999999 
0.01185927033710985554 0.90156440901057521842 0.08657632065231504748 
0.00000000100000000000 0.83927163412654404162 0.16072836487345587564 
0.01824213101601526027 0.98175786798398467781 0.00000000100000000000 
0.01831844357104383397 0.98168155542895607635 0.00000000099999999999 
0.00000000100000000000 0.91670851545639486790 0.08329148354360522977 
0.01345188850736109970 0.82008380721382401202 0.16646430427881497849 
0.00000000099999999999 0.84208975028750987502 0.15791024871249031980 
0.00000000100000000000 0.87393008752283340979 0.12606991147716664625 
0.00000000100000000000 0.84312954928359162832 0.15687044971640837221 
0.00000000100000000000 0.89026317783398190020 0.10973682116601814196 
0.00572838833991690284 0.89546523616993789485 0.09880637549014535670 
0.00000000100000000000 0.86148153356002532544 0.13851846543997475836 
0.00624310009504889206 0.99375689890495111367 0.00000000100000000000 
0.00000000100000000000 0.85076044077077950245 0.14923955822922060910 
0.00000000100000000000 0.84990815005931685810 0.15009184894068330896 
0.00000000099999999999 0.82483313401799773779 0.17516686498200220723 
0.00000000099999999999 0.78685281970728104817 0.21314717929271892460 
0.00000000100000000000 0.94482946276856050183 0.05517053623143952645 
0.00000000100000000000 0.92759932194033989372 0.07240067705966006517 
0.00879269556399679166 0.99120730343600316203 0.00000000100000000000 
0.00919696041263542464 0.82802857482302028025 0.16277446476434415112 
0.00000000100000000000 0.84427722025730245203 0.15572277874269760400 
0.01107876923559444546 0.88795241252021239742 0.10096881824419318141 
0.00000000100000000000 0.88164447792137590199 0.11835552107862418181 
0.04543461860192370833 0.95456538039807636853 0.00000000099999999999 
0.00583481539138653096 0.85441544281268422267 0.13974974179592930534 
0.00000000100000000000 0.85630277471659466126 0.14369722428340536702 
0.00000000100000000000 0.85276966042808122204 0.14723033857191877849 
0.01008412533160488872 0.84342720719372987759 0.14648866747466535165 
0.01770312919208801017 0.89815546713901861509 0.08414140366889326372 
0.00080577109440304283 0.85869889318348513463 0.14049533572211184151 
0.00000000100000000000 0.86256121767568039171 0.13743878132431958106 
0.01484284290222187899 0.85251989930908811388 0.13263725778869003835 
0.00000000099999999999 0.88742490777573812544 0.11257509122426205550 
0.01679532750265078089 0.81532411941238125408 0.16788055308496785401 
0.00963582622701709100 0.93289380746214611850 0.05747036631083673325 
0.00993980366326341694 0.88399395437253169838 0.10606624196420486039 
0.00000000100000000000 0.83911367398842751086 0.16088632501157254517 
0.00000000099999999999 0.82402209501874978947 0.17597790398125032207 
0.00000000100000000000 0.86003583248542125883 0.13996416651457885272 
0.00000000099999999999 0.82949369377758375155 0.17050630522241624898 
0.00000000100000000000 0.89032611968911945510 0.10967387931088044828 
0.00296470750854033790 0.89982547002708801465 0.09720982246437170904 
0.00000000099999999999 0.80465177923364217261 0.19534821976635793894 
0.00000000100000000000 0.79344111182772592006 0.20655888717227419149 
0.00000000100000000000 0.83303541290843374778 0.16696458609156619723 
0.00000000099999999993 0.00000000099999999993 0.99999999800000005656 
0.00000000100000000000 0.79572868333938762131 0.20427131566061243473 
0.00000000100000000000 0.87641017065752224724 0.12358982834247789206 
0.99999999800000005656 0.00000000099999999996 0.00000000099999999996 
0.99999999799999994554 0.00000000099999999997 0.00000000099999999997 
0.99999999800000005656 0.00000000099999999997 0.00000000099999999997 
0.99999999799999994554 0.00000000099999999994 0.00000000099999999994 
0.99999999799999994554 0.00000000099999999995 0.00000000099999999995 
0.71805817817121786462 0.18667580597690272559 0.09526601585187935428 
0.99999999800000005656 0.00000000099999999996 0.00000000099999999996 
0.99999999800000005656 0.00000000099999999995 0.00000000099999999995 
0.99999999799999994554 0.00000000099999999997 0.00000000099999999997 
0.99999999799999994554 0.00000000099999999996 0.00000000099999999996 
0.99999999799999994554 0.00000000099999999994 0.00000000099999999994 
0.99999999799999994554 0.00000000099999999996 0.00000000099999999996 
0.99999999800000005656 0.00000000099999999996 0.00000000099999999996 
0.99999999799999994554 0.00000000099999999996 0.00000000099999999996 
0.99999999799999994554 0.00000000099999999997 0.00000000099999999997 
0.99999999800000005656 0.00000000099999999996 0.00000000099999999996 
0.99999999800000005656 0.00000000099999999996 0.00000000099999999996 
0.99999999800000005656 0.00000000099999999995 0.00000000099999999995 
0.99999999799999994554 0.00000000099999999996 0.00000000099999999996 
0.99999999800000005656 0.00000000099999999994 0.00000000099999999994 
0.99999999799999994554 0.00000000099999999996 0.00000000099999999996 
0.99999999800000005656 0.00000000099999999996 0.00000000099999999996 
0.99999999799999994554 0.00000000099999999996 0.00000000099999999996 
0.99999999800000005656 0.00000000099999999994 0.00000000099999999994 
0.99999999800000005656 0.00000000099999999997 0.00000000099999999997 
0.99999999799999994554 0.00000000099999999997 0.00000000099999999997 
0.99999999799999994554 0.00000000099999999994 0.00000000099999999994 
0.99999999799999994554 0.00000000099999999996 0.00000000099999999996 
0.01120508147469698700 0.90720572654929354517 0.08158919197600951467 
0.00000000100000000000 0.81883216998549268606 0.18116782901450731447 
0.24571055994099202935 0.67683077691268855869 0.07745866314631928706 
0.00000000099999999999 0.89649574641031393174 0.10350425258968620756 
0.00000000100000000000 0.84008234116839008987 0.15991765783160988290 
0.00000000099999999999 0.81254858534986251772 0.18745141365013759382 
0.00000000100000000000 0.77129636189709693816 0.22870363710290317338 
0.00000000100000000000 0.82848261377690179952 0.17151738522309828427 
0.01262074688442046087 0.89594916190803819411 0.09143009120754136410 
0.00000000100000000000 0.87703138200510777356 0.12296861699489228248 
0.00000000099999999999 0.86643449064465261067 0.13356550835534752864 
0.00170460021747481693 0.85619685845944271119 0.14209854132308250008 
0.01938767872662095632 0.98061232027337907891 0.00000000099999999999 
0.00799327835902121329 0.91022664335360059518 0.08178007828737816898 
0.00295912068395356997 0.86901594134164450445 0.12802493797440187007 
0.02793690927720896347 0.97206308972279098501 0.00000000100000000000 
0.00000000099999999999 0.82440769255917278890 0.17559230644082710060 
0.00000000100000000000 0.96538702226878236878 0.03461297673121764562 
0.00962701271860558379 0.90460615983904590909 0.08576682744234846723 
0.00094510424266501221 0.89046320714794346962 0.10859168860939154289 
0.00647373355966049217 0.99352626544033950662 0.00000000100000000000 
0.00000000099999999999 0.85781423896415853747 0.14218576003584151857 
0.00588081473797961388 0.82035853878562459141 0.17376064647639566374 
0.00564152749319278644 0.92835719658807303034 0.06600127591873430899 
0.01853020726762366274 0.98146979173237636207 0.00000000099999999999 
0.01028017100488037676 0.98971982799511948325 0.00000000099999999999 
0.01925650121817575056 0.87471521407497410117 0.10602828470685007889 
0.00000000099999999999 0.81969845513228201117 0.18030154386771810038 
0.00000000100000000000 0.87415704124200366287 0.12584295775799647643 
0.00000000100000000000 0.86964426951555096057 0.13035572948444903996 
0.00000000099999999999 0.99999999800000005656 0.00000000099999999999 
0.00000000099999999999 0.83312995979266257773 0.16687003920733739504 
0.00000000100000000000 0.83980512567130660706 0.16019487332869339347 
0.00034145210472554476 0.84937909448352144626 0.15027945341175302785 
0.00683135590882007378 0.86546955955986393239 0.12769908453131609272 
0.00000000100000000000 0.82521756005212776319 0.17478243894787229284 
0.00862943918879092477 0.86280573327021425900 0.12856482754099474164 
0.01341446310743942515 0.80719555805967568851 0.17938997883288487767 
0.01302463190036559290 0.98697536709963429313 0.00000000099999999999 
0.01677251546777499408 0.98322748353222499951 0.00000000100000000000 
0.00000000100000000000 0.87593922235226473472 0.12406077664773540459 
0.00000000100000000000 0.89365065334298432465 0.10634934565701580078 
0.00000000100000000000 0.85480635150893802265 0.14519364749106186685 
0.00000000099999999999 0.75947130701121001728 0.24052869198879001100 
0.00000000100000000000 0.86833306060437742691 0.13166693839562243484 
0.00923855271647782555 0.99076144628352214028 0.00000000099999999999 
0.00371755476272345262 0.91661605459007211572 0.07966639064720440477 
0.01097099396235712808 0.90099507661438449357 0.08803392942325821702 
0.00309882614952298281 0.86714926497018296470 0.12975190888029397573 
0.00000000099999999999 0.82348428217306934851 0.17651571682693073528 
0.01255976126323071068 0.92257092828173736798 0.06486931045503205318 
0.01169012128669210185 0.82487411237553687204 0.16343576633777109897 
0.00000000100000000000 0.85854700951972517942 0.14145298948027493213 
0.00284753479637281631 0.92808521436562907425 0.06906725083799808429 
0.03912861912401601611 0.96087137987598392197 0.00000000099999999999 
0.00082875821522623719 0.93001983534452070668 0.06915140644025302707 
0.00564317245463503547 0.88845586675598031690 0.10590096078938486535 
0.01714158863865606133 0.96744837052080434603 0.01541004084053947641 
0.00446478064121441989 0.92817143637510823861 0.06736378298367720618 
0.00000000099999999999 0.87471681457282224326 0.12528318442717778503 
0.00240135313607232892 0.86585687774884367851 0.13174176911508397869 
0.00291517753754789175 0.86624092440194022657 0.13084389806051199834 
0.00170179855224200779 0.85696755508866440110 0.14133064635909364792 
0.00000000803111533534 0.82959592038080387510 0.17040407158808065780 
0.00000000100000000000 0.82865845072337085409 0.17134154827662906317 
0.01813845133353391564 0.86940318067536848101 0.11245836799109773518 
0.00951035625832160128 0.90487803629600804811 0.08561160744567049286 
0.00935930742942361373 0.82011072119886507803 0.17052997137171127529 
0.00000000100000000000 0.89217899520038834726 0.10782100379961170877 
0.00000000100000000000 0.80614034923360200491 0.19385964976639799562 
0.00975779165854531901 0.85952130237273738356 0.13072090596871735468 
0.00000000099999999999 0.76728467196122163152 0.23271532703877850778 
0.00000000099999999999 0.77767237320469240203 0.22232762579530757074 
0.01105898541898099434 0.80924914882623466550 0.17969186575478424128 
0.00000000100000000000 0.87177692235365722428 0.12822307664634291502 
0.00000000099999999999 0.77857294570627633146 0.22142705329372372458 
0.00000000100000000000 0.85149439346798250217 0.14850560553201755387 
0.00000000100000000000 0.89965794764507789338 0.10034205135492219041 
0.00376590070323971644 0.89097528741125953111 0.10525881188550070822 
0.00000000099999999999 0.84753029645193200814 0.15246970254806815892 
0.00000000100000000000 0.87887886132019288343 0.12112113767980713097 
0.00723505239206630006 0.88694824367689928390 0.10581670393103435879 
0.01714442217106403737 0.98285557682893598397 0.00000000100000000000 
0.00000000099999999999 0.82124763504784437096 0.17875236395215554630 
0.00000000099999999999 0.82651362142912598863 0.17348637757087406741 
0.00000000099999999999 0.80042011502241072751 0.19957988397758927301 
0.00000000100000000000 0.88687412973293222596 0.11312586926706781620 
0.00179977952222158352 0.86270419479889559611 0.13549602567888274773 
0.00617219067787312062 0.88967677550878698778 0.10415103381333989940 
0.00000000100000000000 0.79279286648679470062 0.20720713251320524440 
0.00716349432235849695 0.82582427644541422929 0.16701222923222736050 
0.00000000100000000000 0.86260183235688614456 0.13739816664311391148 
0.00000000100000000000 0.86068172658284414211 0.13931827241715591392 
0.00000000100000000000 0.85310393098126446887 0.14689606801873569819 
0.00000000099999999999 0.84632509424476032311 0.15367490475523970517 
0.00000000100000000000 0.84601577280355866328 0.15398422619644133724 
0.00000000099999999999 0.78716631409097737038 0.21283368490902257464 
0.00000000099999999999 0.75812347082892483918 0.24187652817107527237 
0.00856113718091834966 0.90136066999698249980 0.09007819282209919565 
0.00000000100000000000 0.90572327217262083021 0.09427672682737919807 
