1.0149628 -0.0048640 0.0034949 -0.0006403 0.0001486 -0.0004435 -0.0002160 0.0026682 0.0027384 0.0022169 -0.0026436 -0.0017288 -0.0011318 -0.0019647 -0.0017417 0.0006109 0.0015649 -0.0032596 0.0002964 0.0016580 -0.0014124 -0.0008345 -0.0009065 -0.0021572 0.0020976 -0.0010139 0.0052280 0.0023478 -0.0014629 0.0003588 -0.0024625 -0.0043156 0.0006517 0.0032975 -0.0044578 -0.0025083 -0.0026703 0.0020760 0.0030905 -0.0026031 -0.0038577 0.0000774 -0.0005515 0.0005983 0.0011597 0.0005213 0.0030616 -0.0004820 -0.0013131 0.0008884 0.0013719 0.0024056 0.0016881 -0.0021701 0.0031654 0.0013641 0.0014832 -0.0014843 -0.0009874 0.0011762 -0.0024283 0.0012216 0.0006427 0.0021592 -0.0009269 0.0012874 0.0032271 0.0001415 -0.0013202 0.0040125 0.0004363 -0.0016910 0.0001628 -0.0006362 0.0011780 -0.0004478 -0.0010432 0.0002190 -0.0006218 0.0001927 0.0023626 -0.0000567 0.0016243 0.0014398 0.0022376 0.0042348 -0.0034117 -0.0025272 -0.0034216 0.0019966 -0.0541572 -0.0539126 -0.0551470 -0.0383495 -0.0553101 -0.0566567 -0.0553245 -0.0528437 -0.0522711 -0.0522147 -0.0535419 -0.0525302 -0.0531470 -0.0549873 -0.0554084 -0.0564035 -0.0527307 -0.0527283 -0.0525115 -0.0533332 -0.0564385 -0.0511490 -0.0010874 -0.0028172 -0.0104035 0.0009580 -0.0010211 -0.0013769 -0.0008603 -0.0002461 0.0007540 0.0008913 -0.0002172 -0.0001920 0.0012426 0.0023453 -0.0003300 -0.0007548 0.0015466 0.0026854 0.0040239 -0.0000916 -0.0006332 -0.0008235 -0.0011324 -0.0015621 0.0028498 -0.0013260 -0.0045746 -0.0005908 -0.0003586 0.0016651 0.0024578 -0.0006249 0.0000651 -0.0015156 0.0042300 -0.0014966 -0.0008133 0.0003976 0.0007780 0.0014429 0.0012995 0.0031269 -0.0030427 -0.0032905 0.0016253 0.0024636 0.0015014 -0.0006312 -0.0001593 0.0020609 -0.0000373 -0.0001426 0.0011940 0.0051992 -0.0011436 0.0013050 -0.0005542 0.0022413 0.0001679 0.0017266 0.0006612 0.0035990 0.0004342 0.0012502 0.0029597 -0.0033663 0.0020013 -0.0018223 -0.0001625 0.0002391 0.0005142 -0.0013427 0.0006464 0.0027504 0.0033837 -0.0030748 0.0024534 0.0034681 -0.0002743 0.0008554 0.0017937 -0.0002219 -0.0002209 0.0024790 0.0005325 0.0047198 0.0032310 -0.0015245 0.0006319 0.0006225 -0.0033646 0.0006341 -0.0028930 0.0045488 -0.0004920 0.0016993 -0.0001662 0.0009332 -0.0013849 0.0002154
-0.0048640 1.0218827 -0.0038850 0.0011289 -0.0048392 -0.0022147 -0.0047832 -0.0042483 -0.0058004 -0.0047275 -0.0053458 -0.0037821 -0.0063145 -0.0023631 -0.0008549 -0.0020508 -0.0027234 -0.0039413 -0.0028739 -0.0019514 -0.0018097 -0.0030275 -0.0037818 -0.0023780 -0.0016663 -0.0007502 -0.0063529 -0.0026114 -0.0031845 -0.0025042 -0.0041572 -0.0015691 -0.0013167 -0.0039380 -0.0025965 -0.0027271 -0.0032979 -0.0009109 -0.0034759 0.0030978 -0.0052121 -0.0002648 -0.0028681 0.0007506 -0.0019278 -0.0016539 -0.0052626 -0.0031237 -0.0037673 -0.0027626 -0.0037236 -0.0046694 -0.0036573 -0.0009158 -0.0044224 -0.0048522 -0.0036899 -0.0039803 -0.0002370 0.0007439 -0.0017432 -0.0026063 -0.0040792 -0.0010917 -0.0038169 -0.0028263 -0.0018241 -0.0014862 -0.0039132 -0.0035582 -0.0016479 -0.0031186 -0.0020724 -0.0007840 0.0007404 -0.0028209 -0.0041154 -0.0027403 -0.0044379 0.0007968 -0.0017968 -0.0026130 -0.0047572 -0.0009293 -0.0037691 -0.0007209 -0.0019898 -0.0031325 -0.0039858 -0.0018746 -0.0058812 -0.0061152 -0.0082794 -0.0065460 -0.0082918 -0.0087827 -0.0058360 -0.0062173 -0.0084527 -0.0071852 -0.0067222 -0.0050153 -0.0061037 -0.0057922 -0.0039437 -0.0060869 -0.0049125 -0.0071692 -0.0063666 -0.0067061 -0.0070880 -0.0077869 -0.0035535 -0.0041831 0.0005974 -0.0057431 -0.0034100 -0.0017148 -0.0074084 -0.0048855 -0.0025655 -0.0026753 -0.0041691 -0.0033791 -0.0039648 -0.0045635 -0.0009520 -0.0015840 -0.0032328 -0.0037813 -0.0015822 -0.0036368 -0.0029782 -0.0066615 -0.0047281 -0.0018947 -0.0026702 -0.0004664 -0.0016241 -0.0043215 -0.0046942 -0.0049994 -0.0041997 -0.0029557 -0.0034333 -0.0042296 -0.0032260 -0.0059767 -0.0025492 -0.0041121 -0.0027010 -0.0006560 -0.0014024 -0.0053144 -0.0014482 -0.0044626 -0.0014476 -0.0033733 -0.0055460 -0.0005229 -0.0029993 -0.0005521 -0.0058912 -0.0035392 -0.0046788 -0.0011932 -0.0041031 -0.0038404 -0.0033447 -0.0003432 -0.0022719 -0.0045676 -0.0035022 -0.0035994 -0.0004074 -0.0007442 -0.0042289 -0.0036981 -0.0003872 -0.0011924 -0.0049694 0.0006846 -0.0009067 -0.0041899 -0.0011887 -0.0026621 -0.0026158 -0.0005308 -0.0039912 -0.0015388 -0.0014480 -0.0051727 -0.0028332 -0.0020496 -0.0008262 -0.0022486 -0.0043318 -0.0025967 -0.0011659 0.0020833 -0.0039924 -0.0047125 -0.0034314 -0.0040381 -0.0007092 -0.0024392 -0.0025052 -0.0016599 -0.0058692 -0.0031368 -0.0027337 -0.0005156
0.0034949 -0.0038850 0.9998987 -0.0029455 -0.0012805 -0.0042661 -0.0022951 0.0002605 -0.0003834 0.0029893 -0.0021225 0.0013231 -0.0032614 -0.0010265 0.0000754 0.0032777 0.0015897 0.0007075 -0.0020201 0.0033457 0.0014876 0.0011504 0.0023567 0.0036596 -0.0021468 0.0007316 0.0021242 0.0008746 0.0013645 -0.0005015 0.0018514 0.0014234 -0.0007053 0.0015190 0.0013673 -0.0014098 0.0013531 -0.0016875 -0.0001411 -0.0033832 -0.0016219 0.0010898 -0.0005243 0.0010315 0.0020302 0.0010392 0.0028786 0.0004936 -0.0005843 0.0030165 -0.0021147 0.0014548 -0.0001193 -0.0008600 0.0044686 -0.0018973 -0.0001547 0.0000128 0.0019529 0.0019925 0.0002773 0.0002620 -0.0018820 -0.0005696 -0.0007145 -0.0011705 0.0025802 0.0007512 0.0012168 -0.0017972 -0.0002254 -0.0000125 0.0012616 0.0014395 0.0004763 0.0015063 0.0046493 -0.0013249 -0.0042397 0.0013607 0.0014648 0.0040572 -0.0009752 0.0015653 -0.0001840 -0.0012213 0.0013527 0.0014144 0.0009402 -0.0015226 -0.0525304 -0.0523941 -0.0523502 -0.0385379 -0.0539534 -0.0552600 -0.0522213 -0.0517898 -0.0504588 -0.0527325 -0.0511037 -0.0512879 -0.0528969 -0.0525486 -0.0526477 -0.0515265 -0.0525279 -0.0525840 -0.0505785 -0.0512952 -0.0542331 -0.0505370 0.0003530 0.0011177 -0.0113616 0.0017270 0.0018765 -0.0018938 -0.0008107 0.0042569 0.0004823 0.0018386 0.0021881 0.0022539 0.0025048 -0.0003342 -0.0001543 0.0006125 -0.0004944 0.0006006 -0.0001317 0.0020537 0.0023758 0.0025943 -0.0023288 -0.0019346 0.0028864 0.0030120 -0.0019633 -0.0017605 0.0007195 -0.0000038 0.0011704 -0.0003090 0.0005074 0.0002468 0.0014429 -0.0017222 -0.0013925 0.0023694 -0.0012075 0.0009781 -0.0001168 0.0012417 0.0009118 -0.0006237 -0.0004689 0.0030394 0.0016011 0.0036183 -0.0011294 0.0010042 0.0010870 0.0014716 -0.0007251 0.0037328 0.0001485 0.0010107 0.0002693 0.0008958 0.0016349 0.0016293 -0.0013795 0.0016086 0.0001389 0.0009181 0.0017996 0.0001354 0.0004039 -0.0010857 0.0019782 0.0013780 -0.0013817 0.0030184 -0.0007050 0.0015361 -0.0019495 -0.0032331 0.0015664 -0.0021761 0.0009111 -0.0004212 0.0004224 0.0016119 0.0009550 0.0022339 -0.0011191 0.0048653 0.0015017 -0.0017619 0.0010350 0.0027245 -0.0010621 -0.0013103 0.0012863 0.0028290 0.0044228 0.0008470 0.0018264 -0.0013054 0.0030022 -0.0003969
-0.0006403 0.0011289 -0.0029455 0.9933935 -0.0014011 -0.0012752 0.0005895 -0.0019239 0.0022705 0.0014363 0.0001541 0.0004652 0.0009188 0.0007616 -0.0002154 0.0018942 0.0021644 -0.0005728 0.0002106 0.0018748 -0.0010933 0.0030220 0.0013872 0.0022673 -0.0013881 -0.0031878 0.0011050 -0.0030554 -0.0011360 -0.0021171 -0.0003812 0.0008719 0.0010060 0.0036897 -0.0007112 0.0020972 -0.0007654 0.0002600 -0.0004254 -0.0029329 0.0001050 0.0038497 0.0001837 -0.0001851 0.0008797 0.0012349 -0.0011133 -0.0022055 0.0005883 0.0030361 0.0020594 -0.0017852 -0.0012891 -0.0001183 0.0012080 -0.0004333 -0.0002392 -0.0039517 0.0013736 0.0033332 0.0035610 0.0001762 0.0010156 0.0005166 0.0014382 0.0004662 0.0032416 -0.0041371 0.0027340 -0.0011959 -0.0042728 -0.0001744 0.0039003 -0.0001451 0.0008767 0.0009394 0.0019566 -0.0005564 -0.0000963 0.0009579 0.0027434 -0.0008052 0.0008361 -0.0003135 0.0010372 0.0048985 -0.0008770 0.0028030 0.0014862 -0.0003567 -0.0499601 -0.0486176 -0.0503378 -0.0331001 -0.0486836 -0.0508901 -0.0498357 -0.0489585 -0.0478553 -0.0494003 -0.0472346 -0.0470950 -0.0492354 -0.0485372 -0.0505680 -0.0488713 -0.0467386 -0.0490209 -0.0468802 -0.0488532 -0.0498453 -0.0475375 0.0034237 0.0029484 -0.0093461 0.0022722 -0.0020342 -0.0007392 -0.0004248 0.0022228 0.0021717 0.0030731 -0.0018272 0.0012846 -0.0001149 0.0017548 -0.0004715 0.0005770 0.0019015 0.0001701 0.0029668 -0.0015964 0.0015160 0.0005823 0.0009868 0.0019218 0.0004197 -0.0001767 0.0019425 -0.0008701 0.0001152 -0.0007651 0.0025200 -0.0023134 0.0007276 0.0028774 -0.0005433 -0.0012226 0.0010497 0.0017430 0.0009288 0.0013857 0.0002257 0.0016083 -0.0014557 -0.0008367 0.0002788 0.0026094 -0.0002254 0.0000584 0.0019268 -0.0039373 0.0020755 0.0009787 0.0000853 0.0026028 0.0009158 -0.0002846 0.0025067 0.0026673 0.0025581 0.0012159 -0.0002705 0.0010683 0.0015546 -0.0000213 -0.0009781 0.0021740 0.0006781 0.0000906 -0.0011031 0.0006763 0.0005285 0.0020888 0.0002118 -0.0023321 0.0036161 0.0011853 0.0015627 0.0019273 -0.0012749 0.0033575 0.0021906 0.0007301 0.0007797 0.0005031 -0.0032822 -0.0016013 -0.0023591 0.0019567 0.0022156 0.0033496 -0.0028318 -0.0001199 0.0016555 0.0005451 0.0003153 -0.0014590 0.0014195 -0.0001073 0.0007910 0.0001178
0.0001486 -0.0048392 -0.0012805 -0.0014011 1.0152999 -0.0019352 0.0041877 -0.0023267 0.0031902 0.0026643 -0.0000413 0.0011220 0.0004030 -0.0039573 -0.0013008 -0.0017648 -0.0006383 -0.0009854 -0.0005154 -0.0008328 0.0026557 0.0015205 0.0022520 0.0043705 -0.0032854 0.0014285 -0.0012870 -0.0010335 0.0002185 0.0006070 0.0046593 0.0002098 -0.0029258 0.0022213 0.0030986 0.0012100 0.0008329 -0.0006888 0.0002426 -0.0012589 -0.0020646 0.0020431 -0.0018090 -0.0025662 0.0003976 0.0031864 0.0025274 0.0001074 -0.0007946 -0.0024090 -0.0004830 -0.0003965 0.0008960 0.0020715 0.0016654 0.0008466 -0.0002518 -0.0009995 0.0012708 -0.0010632 0.0007790 -0.0000855 -0.0023872 -0.0011923 0.0030897 -0.0011927 0.0049184 -0.0002130 0.0033981 0.0018281 -0.0001083 0.0049529 -0.0012734 0.0021414 0.0024089 0.0021941 -0.0001012 -0.0019074 0.0010155 0.0011193 0.0010339 0.0017958 -0.0026490 0.0001430 0.0001077 -0.0005350 -0.0002568 0.0010382 -0.0007584 -0.0008873 -0.0536699 -0.0543015 -0.0538612 -0.0389537 -0.0544632 -0.0565836 -0.0547831 -0.0543697 -0.0527150 -0.0543587 -0.0513539 -0.0533323 -0.0532364 -0.0540153 -0.0534507 -0.0543999 -0.0514390 -0.0537772 -0.0525617 -0.0538696 -0.0558467 -0.0508745 0.0022009 -0.0010167 -0.0117413 0.0016168 0.0012272 -0.0001243 0.0004374 0.0004862 0.0004794 -0.0007739 0.0020503 -0.0008359 -0.0005656 -0.0001816 -0.0038310 0.0000654 0.0022864 0.0000537 0.0030036 0.0019543 0.0028343 -0.0016840 0.0005406 0.0001080 0.0013247 -0.0003676 -0.0010196 0.0001858 0.0031015 0.0019642 0.0046602 -0.0000667 0.0020602 -0.0021793 0.0043086 0.0041191 0.0011309 -0.0032891 -0.0004771 0.0025784 0.0017691 0.0018837 -0.0006402 -0.0017431 -0.0022566 0.0016046 -0.0006308 0.0022614 -0.0000099 -0.0012324 0.0011185 0.0015985 0.0011701 -0.0005944 0.0004256 0.0005686 -0.0026186 -0.0001236 0.0023707 0.0013536 -0.0021726 -0.0003465 0.0009221 -0.0003408 0.0007310 -0.0001816 -0.0006036 0.0004609 0.0012865 -0.0021385 -0.0008689 -0.0046612 -0.0004932 0.0002653 0.0017660 0.0018417 0.0006332 -0.0009499 0.0037796 0.0027309 -0.0022661 -0.0004686 -0.0011177 0.0040984 0.0007872 0.0014736 0.0027220 0.0009718 0.0007548 -0.0032599 -0.0032327 -0.0013226 0.0013196 -0.0012080 0.0041596 -0.0001829 0.0008937 -0.0005875 0.0041796 -0.0009069
-0.0004435 -0.0022147 -0.0042661 -0.0012752 -0.0019352 0.9981712 0.0020479 -0.0004191 -0.0025559 0.0042131 -0.0056175 0.0002608 -0.0000449 0.0007175 -0.0024594 0.0006200 -0.0014099 0.0000096 -0.0005339 -0.0000963 -0.0019469 -0.0017766 -0.0010309 0.0019612 -0.0005102 0.0010583 -0.0004082 -0.0015568 -0.0010330 0.0013411 0.0015705 0.0022036 -0.0033527 0.0001646 -0.0010015 0.0009687 0.0016464 -0.0013460 -0.0034684 -0.0027003 0.0027406 0.0004550 -0.0010013 -0.0027469 -0.0011916 0.0003469 0.0007482 -0.0038386 -0.0025842 -0.0001398 -0.0007857 0.0000333 -0.0015707 0.0013992 -0.0000207 0.0004750 -0.0006601 -0.0028478 -0.0034360 -0.0001694 0.0012207 -0.0024624 -0.0031218 0.0020909 0.0013496 -0.0000214 0.0020973 0.0007804 -0.0034597 0.0004724 -0.0001213 0.0000232 0.0011018 -0.0032438 -0.0001669 -0.0019874 -0.0002410 -0.0009610 -0.0000720 0.0025474 -0.0016096 0.0002688 -0.0001755 0.0018354 0.0005919 -0.0017621 -0.0011956 0.0001066 0.0014704 -0.0007453 -0.0348859 -0.0351758 -0.0359141 -0.0235445 -0.0357613 -0.0368778 -0.0345586 -0.0343510 -0.0344525 -0.0354861 -0.0355795 -0.0344343 -0.0354305 -0.0358442 -0.0341493 -0.0354444 -0.0342652 -0.0354555 -0.0342043 -0.0347210 -0.0353353 -0.0333363 -0.0015128 -0.0007352 -0.0080218 0.0011458 -0.0021413 -0.0000971 -0.0025921 -0.0020877 -0.0026044 0.0021624 -0.0002803 -0.0017137 0.0022833 0.0002871 0.0005085 -0.0008990 0.0012617 0.0008372 -0.0005392 -0.0001950 -0.0002788 -0.0018353 -0.0008063 0.0023511 0.0012561 0.0007403 -0.0013345 -0.0019464 -0.0023516 0.0006897 -0.0000265 -0.0019807 -0.0027589 -0.0029392 0.0010493 -0.0022210 0.0003199 -0.0011221 0.0003497 -0.0000156 0.0010370 -0.0013564 -0.0001855 -0.0021801 -0.0000945 0.0015886 0.0003819 -0.0019639 -0.0009256 0.0018904 -0.0005400 -0.0025559 -0.0029636 -0.0003994 0.0019133 0.0011203 -0.0000972 -0.0008300 -0.0013533 0.0011528 0.0014806 0.0000950 0.0003942 0.0024347 0.0009160 -0.0026009 0.0019256 0.0020998 -0.0014060 -0.0005968 -0.0013791 -0.0000884 0.0029930 0.0010173 -0.0002056 -0.0008175 -0.0021519 -0.0009126 -0.0004297 -0.0010984 -0.0053209 0.0020288 -0.0004285 0.0022992 -0.0034283 -0.0033159 -0.0018039 -0.0023119 -0.0022694 -0.0029484 -0.0056712 -0.0000342 0.0020799 0.0018743 0.0006488 -0.0023689 0.0007683 -0.0009563 0.0004655 -0.0014057
-0.0002160 -0.0047832 -0.0022951 0.0005895 0.0041877 0.0020479 0.9853305 -0.0010072 0.0021206 0.0019748 0.0003711 0.0036475 0.0034084 0.0013934 0.0023614 0.0009152 0.0003785 0.0017898 0.0021292 0.0014504 0.0031230 0.0036917 -0.0011697 0.0018839 -0.0021738 0.0011122 0.0009588 0.0013367 0.0023525 0.0009588 0.0045555 0.0042215 -0.0001894 0.0036015 -0.0024590 0.0003499 0.0022246 0.0007038 0.0024206 -0.0039012 -0.0005378 0.0022819 0.0023434 0.0001916 0.0014006 0.0033934 0.0017104 -0.0005433 0.0020315 0.0025908 -0.0008981 0.0025468 0.0026263 0.0015944 0.0010080 0.0045865 0.0017704 0.0018402 -0.0019402 0.0042683 0.0022372 0.0036426 -0.0007882 0.0012733 0.0048379 0.0019719 0.0037588 -0.0000716 0.0038775 0.0041286 0.0006106 0.0053054 0.0004412 0.0015091 0.0053406 0.0003579 0.0004054 0.0025955 0.0001629 -0.0001174 -0.0005341 0.0020567 0.0019094 0.0016095 0.0025044 0.0009689 -0.0004109 0.0016809 -0.0001213 0.0015353 -0.0634139 -0.0634847 -0.0652673 -0.0455395 -0.0639034 -0.0650527 -0.0637019 -0.0637847 -0.0624395 -0.0649449 -0.0627055 -0.0628638 -0.0640644 -0.0624570 -0.0646163 -0.0641454 -0.0633348 -0.0632245 -0.0618346 -0.0630502 -0.0646388 -0.0605204 0.0007498 0.0017287 -0.0131048 0.0032799 0.0020970 0.0014658 0.0014317 0.0001065 0.0018680 0.0023241 0.0013089 -0.0001625 0.0023665 0.0019003 0.0007382 0.0013128 0.0024655 0.0029202 0.0033882 0.0009948 0.0052002 0.0033584 0.0000072 0.0019955 0.0031266 0.0035684 0.0008330 0.0020564 0.0030207 0.0036601 0.0042899 0.0003120 0.0049222 0.0034781 0.0033066 0.0009198 0.0010377 -0.0025658 0.0041540 0.0016860 0.0025604 0.0034378 0.0001656 0.0001896 0.0045753 0.0039415 0.0003753 0.0032186 0.0010518 0.0024703 0.0038930 0.0006249 0.0020610 0.0036293 0.0043391 0.0034248 0.0030909 0.0008006 0.0020436 0.0025966 0.0023104 0.0013694 -0.0020333 0.0009003 -0.0005735 0.0007001 0.0035292 0.0034291 0.0022208 -0.0004829 0.0008352 0.0050267 0.0012052 0.0040043 0.0015190 0.0014555 0.0004279 0.0039891 0.0045557 0.0003455 0.0006138 0.0009675 0.0016618 0.0035252 0.0035978 0.0018003 0.0040988 0.0046858 0.0018183 0.0046672 -0.0024649 0.0026986 0.0019779 0.0016878 0.0051054 0.0031905 0.0031400 0.0015742 0.0015979 0.0019130
0.0026682 -0.0042483 0.0002605 -0.0019239 -0.0023267 -0.0004191 -0.0010072 1.0069370 0.0056346 0.0015267 0.0033712 -0.0012720 0.0047915 -0.0006062 0.0013278 -0.0019085 0.0016726 -0.0011533 0.0016203 0.0004147 0.0004725 0.0017892 -0.0002624 -0.0011729 0.0032075 -0.0017648 0.0000799 -0.0003457 0.0020662 -0.0007677 0.0027302 -0.0016174 0.0023261 0.0013817 -0.0015408 -0.0017834 0.0003518 0.0021764 0.0015083 -0.0050573 -0.0016382 0.0023337 -0.0011713 0.0012790 0.0011162 0.0027359 -0.0006310 0.0028520 -0.0016810 0.0006374 0.0025111 0.0033551 -0.0013011 -0.0000828 0.0016516 0.0027695 0.0008446 -0.0026966 0.0051287 0.0020037 0.0022136 0.0002242 0.0002984 0.0005127 -0.0052163 0.0021702 0.0031743 0.0030212 -0.0009133 -0.0020627 0.0019790 0.0041253 0.0014411 -0.0005055 -0.0012838 0.0039478 -0.0018183 0.0008823 -0.0002938 0.0015191 -0.0025721 -0.0016315 0.0006599 0.0003978 0.0010421 0.0024334 0.0013599 -0.0008888 -0.0024876 0.0018914 -0.0577124 -0.0580846 -0.0579826 -0.0421016 -0.0583073 -0.0586679 -0.0585317 -0.0596511 -0.0581045 -0.0581155 -0.0573185 -0.0567335 -0.0582815 -0.0581868 -0.0583763 -0.0571288 -0.0568177 -0.0572634 -0.0578693 -0.0576297 -0.0588020 -0.0571957 -0.0028797 -0.0019315 -0.0120630 0.0021856 0.0044350 0.0006796 0.0021844 0.0030088 0.0019855 0.0003663 0.0009637 0.0023485 -0.0003789 0.0025941 -0.0008314 0.0025597 0.0006267 -0.0003089 0.0005716 0.0015050 0.0014785 -0.0027795 0.0015570 0.0002034 0.0013069 0.0026958 0.0002172 -0.0020271 0.0024521 0.0039877 0.0030069 -0.0016001 -0.0012823 0.0006735 0.0035562 0.0032739 -0.0019737 -0.0020982 0.0004311 -0.0004937 0.0013730 0.0026054 0.0007977 0.0018243 0.0009448 0.0014895 0.0009541 0.0003790 0.0017240 0.0027029 0.0021659 -0.0003243 -0.0013929 0.0047399 -0.0003106 0.0015310 0.0022760 0.0022777 -0.0015052 0.0011462 0.0015764 0.0003143 -0.0024807 -0.0000461 0.0030556 -0.0037988 0.0001201 -0.0000505 0.0018894 -0.0007168 0.0022367 -0.0004689 0.0039343 -0.0032658 0.0004338 -0.0022008 0.0029997 0.0012825 -0.0004707 0.0017205 0.0016297 0.0029833 0.0001875 -0.0001430 0.0012211 0.0024395 0.0031276 0.0023520 0.0015003 -0.0006796 0.0029869 0.0015595 -0.0012615 0.0021024 -0.0013845 0.0026979 -0.0003880 0.0066597 0.0010350 -0.0002030
0.0027384 -0.0058004 -0.0003834 0.0022705 0.0031902 -0.0025559 0.0021206 0.0056346 0.9852480 0.0008229 0.0015953 -0.0005878 0.0025158 -0.0004440 0.0013483 0.0010814 0.0032495 0.0013625 -0.0008163 0.0039887 0.0033226 0.0019919 0.0016848 0.0009307 0.0028722 0.0029825 0.0020507 0.0016280 0.0022509 0.0030070 -0.0000597 0.0007948 0.0009714 0.0008105 0.0051328 0.0007968 0.0017485 0.0009660 0.0039326 -0.0023507 0.0017228 0.0039281 -0.0005409 0.0029961 -0.0004095 0.0030714 0.0014834 0.0019417 0.0003182 0.0037187 0.0010450 0.0029271 0.0007265 0.0018264 0.0031070 0.0050164 -0.0004546 -0.0017984 -0.0036717 0.0059390 0.0016820 0.0025086 0.0013474 0.0006307 0.0000574 0.0027204 0.0040269 -0.0021881 0.0016587 0.0049838 -0.0011506 0.0021106 0.0034100 -0.0013277 0.0009281 0.0022618 0.0025353 0.0006140 0.0017497 0.0004223 0.0032734 0.0009290 0.0051329 -0.0001885 0.0023412 0.0031896 -0.0019021 0.0025924 0.0002950 0.0054540 -0.0562192 -0.0574991 -0.0596738 -0.0418963 -0.0589720 -0.0592510 -0.0581670 -0.0589783 -0.0574286 -0.0590542 -0.0574852 -0.0566459 -0.0575440 -0.0581923 -0.0588446 -0.0565176 -0.0558267 -0.0578097 -0.0565372 -0.0563103 -0.0601300 -0.0578810 0.0039478 0.0030083 -0.0102134 0.0026215 0.0033609 0.0049751 0.0017577 0.0013018 0.0012093 0.0011084 0.0023482 0.0014970 0.0026224 0.0003661 -0.0017881 0.0010926 0.0005656 0.0004057 0.0008907 0.0004249 0.0010821 0.0008945 0.0005551 0.0015303 0.0042831 0.0013613 0.0009455 -0.0014101 0.0027509 0.0004528 0.0023203 0.0005314 0.0006577 0.0005682 0.0051121 0.0015925 0.0006478 0.0034083 0.0015485 0.0022401 0.0012924 0.0030110 0.0017667 0.0048251 -0.0001722 0.0042608 0.0007717 0.0004909 0.0000388 0.0022569 0.0025626 0.0014767 0.0019505 0.0010056 0.0017744 0.0008998 0.0039785 0.0014694 0.0029578 0.0011693 -0.0003821 0.0020570 0.0031880 0.0029128 0.0023513 0.0010670 0.0044528 0.0010533 0.0014243 0.0000211 0.0015286 -0.0002728 -0.0001492 0.0006655 0.0026380 0.0012347 0.0021963 0.0018175 0.0000497 0.0049860 -0.0009313 -0.0005847 0.0004569 0.0031777 0.0015818 0.0003372 0.0025988 0.0003324 0.0031408 0.0038665 -0.0036825 0.0005281 0.0009645 0.0014038 0.0037380 0.0011178 -0.0010976 -0.0008844 0.0010443 0.0019371
0.0022169 -0.0047275 0.0029893 0.0014363 0.0026643 0.0042131 0.0019748 0.0015267 0.0008229 0.9920366 -0.0028849 0.0029260 0.0005048 0.0014442 0.0025033 0.0011872 0.0013029 0.0010213 -0.0002624 0.0031807 0.0045867 0.0002298 -0.0009949 0.0005581 0.0020508 -0.0009328 0.0019226 0.0012813 0.0023964 0.0001117 0.0003737 0.0015004 0.0012865 0.0020878 0.0002454 0.0004917 0.0015463 -0.0000723 0.0031801 -0.0025905 0.0000666 0.0027826 0.0016885 0.0010291 0.0001928 0.0011430 0.0028290 0.0005462 0.0016046 0.0011531 0.0025572 0.0008574 0.0007650 0.0015115 0.0022979 -0.0018762 0.0032552 0.0025124 0.0007940 0.0021916 0.0023357 0.0035473 0.0003617 0.0017062 0.0016991 0.0017101 0.0034918 0.0010559 0.0023731 0.0008797 0.0000024 0.0031283 0.0004236 0.0001394 0.0001185 -0.0019125 -0.0006779 0.0003346 -0.0002936 0.0009218 -0.0003711 0.0033852 0.0008679 0.0018596 0.0030341 -0.0019345 0.0017704 0.0006999 -0.0004859 0.0001320 -0.0557939 -0.0561099 -0.0551456 -0.0383845 -0.0573822 -0.0563955 -0.0559192 -0.0572451 -0.0554370 -0.0534423 -0.0562168 -0.0540027 -0.0564030 -0.0564521 -0.0571234 -0.0546745 -0.0559650 -0.0565903 -0.0541315 -0.0556419 -0.0559618 -0.0567216 0.0009980 0.0008290 -0.0107315 0.0025398 0.0020761 0.0036787 -0.0015600 0.0001318 0.0010324 0.0022605 0.0015841 0.0011840 0.0024286 -0.0000748 0.0010894 0.0013092 0.0043911 0.0009051 0.0017108 -0.0009183 0.0010178 -0.0000614 -0.0005681 0.0028891 0.0033158 0.0028266 0.0010333 0.0006855 0.0014931 0.0014205 0.0036442 -0.0000250 0.0014415 0.0016236 -0.0009138 -0.0024921 0.0004281 0.0011390 0.0024030 0.0007766 -0.0021306 0.0063577 0.0002863 0.0010902 0.0022877 0.0026180 0.0026131 -0.0022220 0.0014790 -0.0013019 -0.0000668 0.0005849 0.0010709 0.0007938 0.0016686 0.0003522 0.0013241 0.0004932 0.0009831 0.0010420 0.0022812 0.0043113 0.0010227 0.0019871 0.0018639 0.0002449 0.0011681 0.0006986 -0.0009223 -0.0031825 0.0023363 0.0016648 0.0005133 0.0026839 0.0040095 0.0002761 0.0008504 0.0015612 0.0024344 0.0016929 -0.0002411 -0.0006438 0.0025946 0.0021514 0.0043298 -0.0008802 0.0020436 0.0026047 0.0007387 0.0009153 -0.0017507 -0.0001373 0.0036928 0.0028734 0.0029095 0.0007335 0.0032885 0.0028677 0.0027266 -0.0002196
-0.0026436 -0.0053458 -0.0021225 0.0001541 -0.0000413 -0.0056175 0.0003711 0.0033712 0.0015953 -0.0028849 1.0112529 -0.0025585 0.0040858 0.0017115 -0.0011846 -0.0007703 0.0018694 0.0012852 -0.0005855 0.0022588 0.0015151 -0.0029821 -0.0006714 -0.0021468 -0.0005117 -0.0012049 -0.0013270 0.0014094 -0.0021389 -0.0025484 -0.0000767 -0.0030655 0.0011526 0.0002324 0.0041589 0.0013145 -0.0005735 0.0001513 0.0022532 -0.0025037 0.0007218 0.0016280 0.0009236 -0.0006683 0.0007154 0.0026577 -0.0001454 -0.0011759 0.0002434 -0.0019792 0.0012829 -0.0002355 0.0013596 0.0014361 0.0012424 0.0006658 -0.0000849 -0.0056177 -0.0007157 -0.0015436 -0.0014101 0.0035289 0.0002398 -0.0020032 0.0005424 0.0001892 0.0024735 -0.0004600 0.0011130 0.0031133 0.0015157 -0.0001089 -0.0019588 0.0004840 -0.0006526 0.0010518 0.0049456 0.0030035 -0.0008284 -0.0017118 0.0010692 -0.0002420 0.0008079 -0.0010542 -0.0004384 0.0036958 -0.0021737 -0.0025067 0.0013478 0.0036917 -0.0485661 -0.0481187 -0.0491341 -0.0363165 -0.0494095 -0.0485642 -0.0484355 -0.0504596 -0.0469586 -0.0483880 -0.0477300 -0.0478048 -0.0475116 -0.0487288 -0.0480054 -0.0470925 -0.0489626 -0.0490311 -0.0475758 -0.0483681 -0.0489699 -0.0473131 -0.0011917 -0.0026628 -0.0079556 0.0006972 -0.0017055 0.0005280 0.0003348 0.0002766 0.0019168 0.0011594 -0.0009076 0.0024681 0.0016561 -0.0004397 -0.0010918 0.0042973 -0.0001789 0.0007185 -0.0010096 0.0016664 -0.0004144 -0.0014240 0.0058959 0.0027383 0.0000613 0.0004378 0.0023923 0.0017115 -0.0023734 -0.0009068 0.0006050 0.0014268 -0.0002431 0.0001803 -0.0007908 0.0006927 0.0004537 0.0007020 0.0028204 0.0002493 0.0001019 -0.0001485 -0.0008651 -0.0018408 -0.0031443 -0.0002031 -0.0006895 0.0021205 0.0005386 0.0004794 0.0030586 -0.0000788 0.0012335 0.0015411 -0.0001580 0.0004724 0.0010935 0.0003660 0.0003821 -0.0006197 0.0002645 0.0004865 -0.0028786 0.0005160 -0.0018901 -0.0023731 0.0005089 -0.0027045 0.0011106 0.0017070 -0.0000886 -0.0002793 -0.0014428 -0.0023267 -0.0004696 0.0027940 0.0003942 0.0009881 -0.0018462 0.0009852 -0.0000898 -0.0004132 0.0011875 0.0027566 -0.0033336 0.0000622 0.0000939 0.0026662 -0.0000378 0.0039526 -0.0002005 0.0017276 -0.0030026 -0.0010203 -0.0010368 0.0001907 -0.0016779 0.0008618 -0.0008133 0.0015319
-0.0017288 -0.0037821 0.0013231 0.0004652 0.0011220 0.0002608 0.0036475 -0.0012720 -0.0005878 0.0029260 -0.0025585 0.9795383 -0.0012990 0.0016474 0.0005374 0.0019701 0.0011709 0.0019634 -0.0000183 0.0027761 0.0019614 0.0029916 -0.0000342 0.0015962 -0.0013903 0.0003675 0.0019787 0.0008955 0.0007472 -0.0000349 0.0029098 0.0040333 0.0006100 0.0044418 0.0014614 0.0038216 0.0025137 0.0009782 0.0029268 -0.0015177 0.0029216 0.0037667 0.0010634 0.0018958 0.0029969 0.0046009 0.0006877 0.0014504 0.0004747 0.0036795 0.0014069 0.0026780 0.0027164 0.0015256 0.0022773 0.0003465 0.0020554 0.0025872 -0.0005904 0.0013652 0.0034275 0.0027722 0.0025628 0.0025330 0.0004128 0.0017046 0.0038074 -0.0009530 0.0026025 0.0017542 0.0029896 0.0009230 -0.0014887 0.0017265 0.0019127 0.0031459 0.0008290 0.0019371 0.0016049 0.0016653 0.0029116 0.0019005 0.0019944 0.0009188 0.0013585 0.0032271 -0.0015053 -0.0019222 -0.0015044 0.0010988 -0.0510824 -0.0516600 -0.0532414 -0.0359167 -0.0537200 -0.0545571 -0.0528042 -0.0538789 -0.0531261 -0.0528878 -0.0532121 -0.0512613 -0.0526157 -0.0518402 -0.0533143 -0.0528196 -0.0502695 -0.0524049 -0.0507044 -0.0512833 -0.0540558 -0.0519635 0.0002975 0.0013261 -0.0122110 0.0021572 0.0011675 0.0016413 0.0007109 0.0024810 0.0019496 0.0015349 0.0016610 -0.0003506 0.0016795 0.0028429 -0.0003097 0.0015163 0.0027614 0.0008996 0.0006915 0.0012298 0.0046790 0.0028681 0.0004394 0.0053433 0.0046946 0.0029789 0.0030043 0.0030781 0.0039289 0.0008792 0.0041073 0.0033821 0.0012299 0.0022274 0.0011611 0.0058362 0.0038192 -0.0000750 0.0020611 0.0021618 0.0013207 0.0041024 0.0012260 -0.0020280 0.0037184 0.0030626 0.0028552 0.0020885 0.0010668 0.0014164 0.0025944 0.0027758 0.0024446 0.0026058 0.0008115 0.0047828 0.0031620 0.0022269 0.0018395 0.0013515 0.0018305 0.0035735 -0.0006520 0.0006456 0.0031001 0.0008716 0.0003735 0.0018226 0.0003279 -0.0005427 0.0015028 -0.0006730 0.0006207 0.0021635 0.0013272 0.0025524 0.0012314 0.0029742 0.0038648 0.0033965 -0.0011248 -0.0030560 0.0022581 0.0023510 0.0007442 0.0003887 0.0019606 0.0033148 0.0011150 -0.0000831 -0.0008866 -0.0008506 0.0001931 -0.0009687 0.0021638 0.0011771 0.0026271 0.0013617 0.0019265 0.0033409
-0.0011318 -0.0063145 -0.0032614 0.0009188 0.0004030 -0.0000449 0.0034084 0.0047915 0.0025158 0.0005048 0.0040858 -0.0012990 0.9851488 -0.0004814 0.0002838 0.0018899 0.0032049 0.0029211 0.0036704 0.0021855 0.0031746 -0.0006394 0.0005188 0.0016785 0.0055767 0.0020065 0.0029362 0.0030066 0.0000016 0.0006153 0.0040996 0.0023683 0.0011393 0.0002928 0.0007553 0.0024059 0.0022597 0.0005537 0.0026528 -0.0028409 0.0015801 0.0033351 0.0016744 0.0007373 0.0007679 0.0026987 0.0009226 0.0026924 0.0014540 0.0046817 0.0009578 0.0001736 0.0011899 0.0016410 0.0030528 0.0063460 0.0002373 -0.0013850 -0.0002652 0.0035937 -0.0006588 0.0012989 0.0020259 0.0009892 0.0019627 0.0039780 0.0026255 0.0019079 0.0010314 0.0030447 0.0021163 0.0024335 0.0019902 0.0000321 -0.0015006 0.0021099 0.0013611 0.0009810 -0.0003957 -0.0026553 -0.0008967 0.0004222 0.0022259 0.0008063 0.0005792 0.0009953 0.0024964 0.0027394 -0.0024086 0.0034755 -0.0529606 -0.0537551 -0.0543674 -0.0397841 -0.0538133 -0.0543803 -0.0543885 -0.0557844 -0.0526082 -0.0524900 -0.0553634 -0.0532973 -0.0531274 -0.0537934 -0.0550305 -0.0534466 -0.0519677 -0.0529003 -0.0511200 -0.0527024 -0.0554587 -0.0517663 0.0005255 0.0011946 -0.0078871 0.0032913 0.0016951 0.0009807 0.0013182 -0.0001572 0.0002532 0.0018895 0.0005143 0.0015999 0.0031142 0.0021718 0.0031208 0.0009863 0.0025350 0.0026440 0.0022160 0.0012905 0.0012500 -0.0006091 0.0012012 0.0008743 0.0026022 0.0030232 0.0018094 0.0010471 0.0038202 0.0025100 0.0042510 0.0023654 0.0004349 -0.0001046 0.0007645 0.0013882 0.0030108 0.0001095 0.0010024 0.0011318 0.0013353 0.0015311 -0.0010995 0.0017588 0.0042797 0.0011758 0.0025948 -0.0015037 0.0000434 0.0030569 0.0000931 -0.0001110 0.0006263 0.0036242 0.0009152 0.0019552 0.0024122 0.0013295 0.0029620 0.0009236 0.0021561 0.0015395 -0.0002748 0.0018436 -0.0007158 -0.0010348 0.0040770 0.0003027 0.0013785 0.0027573 0.0002234 -0.0013813 0.0000839 -0.0000357 0.0021835 0.0005049 -0.0007244 0.0021077 -0.0002698 -0.0007049 0.0011470 0.0048902 0.0032425 0.0001309 0.0012898 -0.0004540 0.0032887 -0.0015546 0.0022146 0.0030630 -0.0010322 0.0003717 0.0006915 0.0034693 0.0019514 -0.0003588 0.0001502 -0.0016327 0.0024760 -0.0021564
-0.0019647 -0.0023631 -0.0010265 0.0007616 -0.0039573 0.0007175 0.0013934 -0.0006062 -0.0004440 0.0014442 0.0017115 0.0016474 -0.0004814 0.9864227 0.0018790 0.0043893 0.0039621 0.0014865 0.0010282 0.0009527 0.0019933 0.0001426 0.0006711 0.0008636 0.0002985 -0.0010056 -0.0002437 -0.0008593 -0.0005863 0.0022331 0.0022148 0.0011497 0.0021005 0.0024839 -0.0012153 -0.0020042 0.0016359 0.0004760 0.0009907 -0.0000789 0.0016271 0.0014019 0.0012141 0.0026378 0.0025705 0.0027728 -0.0004144 0.0002694 0.0021989 -0.0003220 0.0015791 0.0026454 0.0018805 0.0023610 0.0024655 -0.0018257 -0.0007424 -0.0024730 -0.0016169 0.0038032 0.0017879 0.0007190 -0.0024347 -0.0004151 -0.0013848 0.0017877 0.0024111 -0.0022730 0.0006105 -0.0021324 -0.0002994 0.0009191 0.0002738 -0.0012885 -0.0010296 0.0011246 0.0001816 0.0010426 0.0004538 0.0027438 0.0007446 -0.0015261 -0.0007380 0.0009145 0.0009785 0.0027462 -0.0016680 -0.0004047 -0.0013370 0.0038600 -0.0453548 -0.0456909 -0.0468734 -0.0315231 -0.0483258 -0.0483135 -0.0464864 -0.0464056 -0.0454909 -0.0456913 -0.0460477 -0.0449018 -0.0463498 -0.0465443 -0.0459048 -0.0455353 -0.0462631 -0.0458432 -0.0453168 -0.0454725 -0.0478504 -0.0443665 -0.0013778 -0.0018484 -0.0094917 0.0016057 0.0010706 0.0008033 0.0017924 0.0035430 0.0012431 0.0024684 -0.0007265 0.0030206 0.0001237 -0.0001167 0.0011111 0.0015968 0.0003242 -0.0018865 0.0041803 0.0004938 0.0005517 0.0013496 0.0012089 0.0023758 0.0027322 0.0014331 -0.0004765 0.0012284 0.0024754 0.0008659 0.0030916 -0.0010559 0.0061026 0.0021982 0.0020828 -0.0010623 0.0008754 0.0019210 0.0013602 -0.0000819 0.0006396 0.0020391 -0.0005913 -0.0018627 -0.0001723 0.0039613 0.0014158 -0.0024597 0.0010771 0.0015153 0.0020373 0.0008585 0.0040413 0.0012571 -0.0016999 -0.0000907 0.0025213 0.0005744 0.0011816 -0.0006130 0.0015070 0.0020455 -0.0009402 -0.0014236 -0.0004216 -0.0004804 0.0018812 -0.0013040 0.0030784 0.0000308 -0.0009212 -0.0009653 0.0001531 -0.0009556 0.0001056 0.0008724 0.0001441 -0.0021748 0.0010881 0.0002177 -0.0001410 0.0014769 0.0032681 -0.0004660 0.0004848 0.0018547 -0.0014541 -0.0010456 0.0009165 -0.0015550 0.0009521 0.0017523 0.0005978 0.0013713 -0.0000877 0.0000522 0.0001110 0.0005401 -0.0003674 0.0017045
-0.0017417 -0.0008549 0.0000754 -0.0002154 -0.0013008 -0.0024594 0.0023614 0.0013278 0.0013483 0.0025033 -0.0011846 0.0005374 0.0002838 0.0018790 0.9804243 0.0027806 0.0006267 0.0028296 0.0012924 0.0016198 0.0029014 0.0023880 0.0009930 0.0032289 0.0019308 0.0012233 0.0016774 0.0006749 -0.0007411 0.0012421 0.0036374 0.0011226 -0.0011364 0.0012461 -0.0002424 -0.0004106 0.0009271 0.0019779 0.0008053 -0.0014959 -0.0000816 -0.0000855 0.0001421 0.0008893 0.0014321 0.0035308 0.0030126 -0.0010976 0.0008235 0.0021879 -0.0000797 0.0010506 0.0003199 0.0018979 0.0025958 0.0014910 -0.0005975 0.0001572 0.0015864 0.0029196 0.0029478 0.0021378 0.0014520 -0.0013501 0.0022067 0.0040116 0.0042338 0.0015638 -0.0009082 -0.0004968 0.0003229 0.0033978 0.0018441 -0.0018371 0.0008177 0.0035357 -0.0000815 0.0014879 -0.0003152 -0.0015514 0.0005679 0.0023135 0.0007484 0.0006110 -0.0008462 -0.0006559 -0.0001818 0.0004074 -0.0002461 0.0007408 -0.0485179 -0.0486642 -0.0492670 -0.0354328 -0.0494623 -0.0508514 -0.0491514 -0.0504791 -0.0481732 -0.0492795 -0.0488107 -0.0469031 -0.0487692 -0.0481489 -0.0487718 -0.0484138 -0.0482163 -0.0484936 -0.0472899 -0.0482274 -0.0496641 -0.0486199 0.0000415 -0.0009668 -0.0099652 0.0020126 -0.0009970 0.0029219 -0.0022493 -0.0011185 0.0032623 -0.0005063 0.0018691 -0.0001750 0.0016806 0.0026921 0.0016904 0.0027233 0.0026791 0.0032403 0.0043546 0.0039519 0.0036325 0.0011458 0.0002257 0.0013655 0.0028768 0.0012653 -0.0007290 0.0011624 0.0017926 0.0021459 0.0007994 -0.0000376 -0.0024739 -0.0006503 0.0017870 0.0018675 -0.0006214 -0.0016238 0.0001285 0.0029719 0.0024359 0.0017708 0.0018159 0.0015177 0.0004809 0.0019765 0.0022663 0.0011595 0.0016708 0.0018144 0.0003953 -0.0016066 0.0003166 0.0045567 0.0027883 0.0020872 0.0010198 0.0010628 0.0033404 0.0028585 0.0011764 0.0035060 0.0010403 0.0021325 -0.0009250 0.0031878 0.0009814 -0.0011914 0.0017339 -0.0008330 0.0024326 -0.0023385 -0.0015384 0.0014713 -0.0017495 -0.0034505 0.0053306 0.0014606 0.0019283 -0.0013745 0.0025674 0.0031566 0.0034498 0.0001477 0.0015070 0.0020474 0.0025585 0.0011325 -0.0004779 0.0004324 -0.0012440 0.0014886 0.0007180 0.0022696 0.0018235 0.0010872 0.0020965 0.0010449 -0.0012408 0.0004478
0.0006109 -0.0020508 0.0032777 0.0018942 -0.0017648 0.0006200 0.0009152 -0.0019085 0.0010814 0.0011872 -0.0007703 0.0019701 0.0018899 0.0043893 0.0027806 0.9907327 0.0025361 0.0012101 0.0031579 0.0037410 0.0067415 0.0015980 -0.0022251 0.0012956 0.0000012 0.0016129 0.0023862 -0.0006198 0.0028616 0.0024357 0.0037519 0.0004657 -0.0006330 0.0026164 0.0021591 0.0014115 0.0024490 -0.0014043 0.0012643 -0.0009855 0.0028321 0.0024185 -0.0003880 0.0016100 0.0034247 0.0026868 0.0010365 -0.0000355 0.0051586 0.0018524 0.0007883 0.0019928 0.0038555 0.0035528 0.0018244 0.0024997 -0.0005954 0.0000330 0.0008314 0.0032808 0.0017002 0.0015298 0.0028352 0.0025699 0.0026993 0.0007540 0.0034799 0.0029903 0.0017179 0.0055627 -0.0000576 0.0019738 0.0007174 0.0025950 0.0003037 -0.0006928 0.0029284 0.0006584 0.0017928 -0.0002413 0.0033621 0.0015380 0.0004097 0.0040173 0.0024728 0.0018509 0.0022237 0.0022405 0.0066074 -0.0007343 -0.0617622 -0.0620988 -0.0637465 -0.0455390 -0.0617701 -0.0648001 -0.0632786 -0.0639436 -0.0599500 -0.0610094 -0.0629394 -0.0617920 -0.0620554 -0.0628601 -0.0638932 -0.0616109 -0.0604036 -0.0617599 -0.0608219 -0.0619829 -0.0642935 -0.0601666 0.0017095 0.0029197 -0.0139587 0.0030750 0.0021154 0.0023284 0.0027985 0.0032532 0.0034495 0.0022751 0.0013772 0.0031158 0.0030078 -0.0014175 -0.0002092 0.0034248 0.0026672 0.0008339 0.0014356 -0.0011469 0.0027473 -0.0000253 0.0017520 0.0016756 0.0043551 0.0011224 0.0015312 0.0021006 0.0034277 0.0043886 0.0028585 0.0026900 0.0008068 -0.0009323 0.0043571 -0.0009597 0.0031222 0.0011293 0.0031295 0.0029021 0.0045897 0.0027826 0.0032528 -0.0015167 0.0015700 0.0055101 0.0031133 0.0015494 -0.0002014 0.0018610 0.0018650 0.0054754 0.0005883 0.0048832 0.0032587 -0.0005269 0.0028328 0.0039138 0.0033007 0.0034102 0.0056357 -0.0014418 0.0039647 0.0005347 -0.0005078 0.0016915 0.0022997 0.0021142 0.0020965 -0.0022903 -0.0009159 0.0033591 -0.0009550 0.0020302 0.0016169 0.0013423 -0.0003904 0.0017943 0.0003149 -0.0011747 -0.0015499 0.0003346 0.0022292 0.0035113 -0.0012432 0.0006415 0.0042110 0.0011705 -0.0011991 0.0026577 0.0004085 0.0002742 0.0040004 0.0007233 0.0037260 -0.0010068 0.0020433 0.0005567 0.0022339 0.0027164
0.0015649 -0.0027234 0.0015897 0.0021644 -0.0006383 -0.0014099 0.0003785 0.0016726 0.0032495 0.0013029 0.0018694 0.0011709 0.0032049 0.0039621 0.0006267 0.0025361 0.9844754 0.0002405 0.0022149 0.0013035 0.0025167 0.0009120 0.0021164 0.0000610 0.0041805 -0.0004601 0.0007492 0.0026515 -0.0016392 0.0006813 0.0003598 0.0005996 0.0013698 0.0029266 -0.0015267 0.0008386 0.0005258 0.0005190 0.0024245 -0.0024413 0.0023287 0.0006935 0.0006376 -0.0017576 0.0016577 0.0017828 0.0014854 0.0011775 0.0028147 -0.0003937 0.0022379 0.0045550 0.0005399 0.0034668 0.0037151 0.0015255 0.0011246 0.0021190 -0.0002979 0.0016310 0.0007504 0.0013997 0.0026679 0.0005728 0.0018051 0.0037389 0.0035684 0.0012401 0.0003427 0.0015531 0.0011476 0.0023563 -0.0002838 0.0019468 0.0022111 0.0012584 -0.0013201 0.0039317 0.0009837 -0.0012618 0.0050806 0.0000979 0.0029217 0.0009239 0.0016763 0.0029150 0.0023247 0.0016634 0.0042097 0.0011179 -0.0523557 -0.0542310 -0.0550255 -0.0381857 -0.0552366 -0.0562252 -0.0543383 -0.0544643 -0.0533558 -0.0531906 -0.0540888 -0.0522600 -0.0537349 -0.0542430 -0.0551987 -0.0536561 -0.0524735 -0.0537566 -0.0523703 -0.0544089 -0.0557347 -0.0536370 -0.0008762 0.0013839 -0.0095966 0.0033095 0.0002747 0.0020015 0.0025105 0.0016580 -0.0019461 0.0052804 0.0021651 0.0015104 0.0023598 0.0010849 0.0028069 0.0043830 0.0003442 0.0008055 0.0027166 0.0003999 0.0026815 0.0000592 -0.0012644 0.0010584 0.0032506 0.0016832 0.0020786 0.0039410 0.0031176 0.0042047 0.0053269 0.0014564 0.0010772 0.0020578 0.0016255 0.0010054 0.0009060 0.0054974 0.0014284 0.0014806 0.0014595 0.0017970 -0.0005842 0.0023231 0.0023744 0.0035919 0.0037949 0.0001666 0.0059427 0.0028206 0.0016676 0.0021239 0.0017572 0.0010878 0.0010505 0.0029526 0.0021186 0.0013660 0.0010513 0.0026413 0.0042482 0.0027258 0.0001170 0.0032422 0.0002178 0.0001652 0.0013824 -0.0029867 0.0008391 0.0013785 0.0032571 -0.0009419 0.0007916 0.0003656 0.0000113 0.0038479 -0.0005755 0.0027998 0.0029525 0.0022124 0.0026103 0.0005807 0.0014116 -0.0000719 -0.0003537 -0.0005245 0.0009479 0.0006404 0.0019164 0.0016390 -0.0009955 0.0000779 0.0004863 0.0056671 0.0027641 0.0006220 0.0001241 0.0001345 0.0001153 0.0026745
-0.0032596 -0.0039413 0.0007075 -0.0005728 -0.0009854 0.0000096 0.0017898 -0.0011533 0.0013625 0.0010213 0.0012852 0.0019634 0.0029211 0.0014865 0.0028296 0.0012101 0.0002405 0.9847924 0.0030738 0.0024908 0.0026458 0.0011234 0.0015750 0.0027487 0.0025672 0.0024554 0.0013179 -0.0016709 -0.0005456 0.0015748 0.0027550 0.0014800 -0.0002687 0.0012830 0.0015905 0.0007110 0.0019738 0.0021450 0.0031845 -0.0012655 0.0043206 0.0013088 0.0006717 0.0018730 0.0029472 0.0034654 0.0023901 0.0019995 0.0017285 0.0013129 0.0003313 0.0016759 0.0011403 0.0028811 0.0024504 0.0018663 0.0013495 0.0019548 0.0002932 0.0000210 0.0020397 0.0027120 0.0028481 0.0032858 0.0007468 0.0018986 0.0029382 0.0014947 0.0033553 0.0005517 0.0010876 0.0005562 -0.0000258 0.0002984 0.0011914 0.0013912 0.0003225 0.0015897 0.0001523 0.0024404 0.0006846 0.0022371 0.0032309 -0.0004218 0.0005613 0.0002762 0.0027073 0.0009597 0.0000621 0.0019141 -0.0479406 -0.0479886 -0.0484069 -0.0343032 -0.0497880 -0.0485484 -0.0485224 -0.0515445 -0.0453706 -0.0485275 -0.0484254 -0.0476526 -0.0472643 -0.0490547 -0.0488669 -0.0483802 -0.0472887 -0.0483664 -0.0463619 -0.0477318 -0.0480926 -0.0485980 0.0028607 0.0012849 -0.0086528 0.0005894 0.0004405 0.0028029 0.0012041 0.0011128 0.0013800 0.0015157 0.0033450 -0.0006614 0.0033809 0.0036303 -0.0006688 0.0039779 0.0014004 0.0029609 0.0031641 -0.0003454 0.0028081 0.0037385 0.0009720 0.0052013 0.0025996 0.0017021 0.0017753 0.0003253 0.0031420 0.0002794 0.0029467 0.0016981 0.0025994 0.0035377 0.0011066 0.0007305 0.0018758 -0.0017254 0.0021358 0.0031981 0.0006950 0.0001989 0.0004736 0.0016682 -0.0000826 0.0018513 0.0019089 0.0025901 0.0006664 0.0001527 0.0018812 0.0010412 0.0008784 0.0010095 0.0022848 0.0006055 0.0008017 0.0019786 0.0024126 0.0005375 0.0010491 0.0024574 0.0008212 0.0023565 0.0006546 0.0020642 0.0018130 0.0021048 0.0018133 0.0031113 0.0017139 -0.0022901 0.0007492 0.0026555 0.0002611 0.0012432 -0.0000959 0.0007289 0.0001768 0.0015875 -0.0005181 -0.0001760 0.0028926 0.0013046 0.0005291 0.0008266 0.0006062 0.0027021 0.0011611 0.0032663 -0.0000270 0.0019293 -0.0004424 0.0005886 0.0019269 -0.0005809 -0.0008026 0.0011205 0.0017287 0.0007401
