1.0054400 -0.0082523 0.0064298 -0.0012093 0.0039302 0.0023070 -0.0002705 0.0035631 0.0053440 0.0029974 -0.0051688 -0.0005596 -0.0001419 -0.0018277 -0.0012316 0.0019327 0.0034169 -0.0042970 0.0024610 0.0034038 0.0009671 0.0004748 0.0018501 -0.0007408 0.0031717 -0.0012149 0.0092513 0.0055423 -0.0008162 0.0038045 -0.0016631 -0.0042182 0.0031992 0.0065244 -0.0061614 -0.0010658 -0.0023133 0.0036576 0.0048935 -0.0021482 -0.0042805 0.0010659 -0.0008763 0.0021705 0.0023847 0.0005990 0.0058603 0.0005342 0.0000343 0.0041065 0.0032760 0.0046795 0.0034671 -0.0029623 0.0062313 0.0032018 0.0047225 -0.0007794 -0.0011983 0.0022461 -0.0024654 0.0020323 0.0045185 0.0048474 -0.0000406 0.0026828 0.0052441 0.0001558 -0.0011580 0.0086255 0.0020669 -0.0017856 0.0000269 -0.0001290 0.0014493 -0.0009734 0.0004512 0.0016108 -0.0006374 0.0003234 0.0056646 0.0021028 0.0037122 0.0037353 0.0061606 0.0070402 -0.0038361 -0.0024080 -0.0046991 0.0033911 -0.0722087 -0.0714271 -0.0745971 -0.0506458 -0.0735664 -0.0762861 -0.0732301 -0.0691420 -0.0699786 -0.0701757 -0.0720802 -0.0702911 -0.0706238 -0.0738276 -0.0743673 -0.0748203 -0.0693017 -0.0701530 -0.0704647 -0.0716232 -0.0755662 -0.0684826 -0.0008916 -0.0013922 -0.0110366 0.0027043 -0.0009023 0.0000901 0.0002655 -0.0003556 0.0015640 0.0036703 0.0014458 0.0006995 0.0041755 0.0039492 0.0022870 -0.0007694 0.0067434 0.0063641 0.0069723 0.0019490 -0.0014131 0.0017878 0.0001421 -0.0010218 0.0040522 0.0016496 -0.0063851 -0.0001911 0.0033723 0.0029410 0.0051329 0.0014402 0.0007405 -0.0005742 0.0072103 -0.0000763 -0.0008367 0.0029583 0.0019439 0.0040212 0.0048952 0.0084684 -0.0043953 -0.0048446 0.0026459 0.0054812 0.0028493 -0.0022748 0.0011804 0.0045263 0.0001421 -0.0000123 0.0022970 0.0076684 -0.0007913 0.0033911 0.0017736 0.0041724 0.0023648 0.0055279 0.0012816 0.0044007 -0.0002887 0.0022085 0.0066715 -0.0020883 0.0031166 -0.0010800 0.0009107 0.0041418 0.0038302 -0.0012757 0.0033965 0.0054898 0.0058814 -0.0026108 0.0029861 0.0054028 0.0010849 0.0029898 0.0019988 0.0000076 -0.0003346 0.0042275 0.0044939 0.0084501 0.0053945 -0.0033864 0.0028972 0.0054239 -0.0043785 0.0023289 -0.0027349 0.0066971 -0.0000064 0.0038294 -0.0012881 0.0025867 0.0013466 0.0019118
-0.0082523 1.0265247 -0.0047925 0.0027946 -0.0068189 -0.0016831 -0.0051158 -0.0052337 -0.0060738 -0.0051214 -0.0072623 -0.0024324 -0.0087641 -0.0017203 0.0015916 -0.0022921 -0.0020335 -0.0037490 -0.0020163 -0.0012266 -0.0020475 -0.0026936 -0.0056470 -0.0032193 -0.0013976 0.0001643 -0.0081019 -0.0041669 -0.0048743 0.0001573 -0.0028792 0.0005382 -0.0019202 -0.0050627 -0.0007127 -0.0014176 -0.0031920 0.0009162 -0.0027114 0.0050272 -0.0054889 0.0001447 -0.0031384 0.0013852 -0.0007459 -0.0030029 -0.0052450 -0.0027345 -0.0031440 -0.0035783 -0.0047239 -0.0080719 -0.0026384 0.0022278 -0.0063984 -0.0064332 -0.0040869 -0.0029655 0.0021984 0.0033239 -0.0003895 -0.0033986 -0.0033659 -0.0000582 -0.0041309 -0.0023901 -0.0020324 0.0001305 -0.0047378 -0.0040952 -0.0007712 -0.0034681 -0.0022120 -0.0010167 0.0015210 -0.0018941 -0.0053662 -0.0035910 -0.0047222 -0.0004243 -0.0009220 -0.0024447 -0.0068371 0.0013420 -0.0050730 -0.0004874 0.0005602 -0.0013798 -0.0043095 -0.0033895 -0.0068396 -0.0069858 -0.0106389 -0.0049564 -0.0103953 -0.0106449 -0.0061423 -0.0062186 -0.0120099 -0.0088364 -0.0071851 -0.0049299 -0.0076625 -0.0057913 -0.0024656 -0.0051400 -0.0047281 -0.0091219 -0.0074358 -0.0077532 -0.0085594 -0.0095850 -0.0048320 -0.0037638 0.0013255 -0.0067833 -0.0032603 -0.0024066 -0.0097816 -0.0054858 -0.0025411 -0.0013689 -0.0036618 -0.0038961 -0.0048654 -0.0044968 -0.0005330 -0.0010563 -0.0037128 -0.0057664 0.0001325 -0.0039193 -0.0022850 -0.0079125 -0.0038987 -0.0010275 -0.0025088 -0.0004274 -0.0022538 -0.0042453 -0.0056982 -0.0053449 -0.0046596 -0.0035560 -0.0012593 -0.0055292 -0.0014987 -0.0072255 -0.0023724 -0.0043970 -0.0038435 -0.0009112 -0.0007497 -0.0089288 0.0018911 -0.0048752 -0.0007080 -0.0040207 -0.0059918 0.0010957 -0.0005308 0.0026509 -0.0056862 -0.0044109 -0.0045506 -0.0013419 -0.0049893 -0.0045555 -0.0050005 0.0010826 -0.0012160 -0.0063064 -0.0032502 -0.0014333 0.0034291 0.0025846 -0.0075385 -0.0055680 -0.0014108 -0.0002350 -0.0079871 0.0023817 -0.0017860 -0.0052719 -0.0010052 -0.0025436 -0.0035518 -0.0011864 -0.0048387 -0.0023969 -0.0011309 -0.0069061 -0.0032935 -0.0011856 -0.0002337 -0.0020598 -0.0068309 -0.0030899 -0.0003534 0.0053767 -0.0039171 -0.0046722 -0.0026909 -0.0031371 0.0008207 -0.0023879 -0.0041459 -0.0021141 -0.0057162 -0.0038259 -0.0042930 0.0037263
0.0064298 -0.0047925 0.9937716 -0.0041166 0.0010451 -0.0045461 -0.0028913 0.0007453 0.0000855 0.0045834 -0.0039496 0.0030687 -0.0026862 -0.0021066 0.0015232 0.0067410 0.0042947 0.0009757 -0.0004320 0.0051826 0.0053604 0.0025397 0.0047842 0.0077369 -0.0021844 0.0026709 0.0046597 0.0029010 0.0021170 0.0011882 0.0024481 0.0027925 -0.0009529 0.0038541 0.0056570 -0.0004619 0.0041351 -0.0016471 0.0010415 -0.0047338 0.0004253 0.0010267 0.0002335 0.0023560 0.0046123 0.0039813 0.0056101 0.0034393 0.0001317 0.0064011 -0.0030507 0.0036320 0.0020394 0.0002335 0.0065476 0.0002486 0.0010286 0.0032241 0.0019631 0.0029872 0.0018681 0.0008884 -0.0020000 0.0006172 0.0012211 -0.0007513 0.0047901 0.0040609 0.0049493 -0.0005005 0.0006507 0.0015806 0.0017519 0.0036923 0.0033658 0.0021725 0.0092242 -0.0029354 -0.0051257 0.0019754 0.0020004 0.0053795 -0.0016422 0.0047098 0.0009438 0.0009588 0.0030287 0.0037353 0.0010248 -0.0009315 -0.0730879 -0.0724483 -0.0719025 -0.0539862 -0.0754252 -0.0750781 -0.0701643 -0.0714479 -0.0705651 -0.0733866 -0.0704149 -0.0709761 -0.0737306 -0.0734431 -0.0728748 -0.0718824 -0.0714426 -0.0727726 -0.0706587 -0.0715971 -0.0746037 -0.0693700 0.0011889 0.0041953 -0.0138190 0.0041151 0.0063103 -0.0023867 -0.0028075 0.0060650 0.0025893 0.0045804 0.0059811 0.0025231 0.0041873 0.0005144 0.0023511 0.0015308 0.0014212 0.0017901 0.0024217 0.0051544 0.0050054 0.0071139 -0.0013340 -0.0009721 0.0044326 0.0037176 -0.0008131 -0.0012519 0.0035751 0.0017928 0.0018974 0.0017788 0.0010881 0.0000166 0.0029179 -0.0009799 -0.0020591 0.0037418 0.0000693 0.0027459 0.0007447 0.0031614 0.0026958 -0.0021490 0.0000227 0.0066157 0.0027708 0.0048829 0.0004673 0.0043891 0.0038253 0.0047873 0.0022751 0.0086887 0.0015252 0.0030911 0.0037316 0.0002306 0.0030744 0.0028550 -0.0007929 0.0015859 0.0001314 0.0040277 0.0049148 0.0011187 0.0000669 -0.0006799 0.0047886 0.0025899 -0.0009244 0.0048380 0.0015181 0.0020942 -0.0014381 -0.0032480 0.0037031 -0.0024480 0.0042351 0.0005960 0.0021198 0.0045654 0.0025556 0.0047490 -0.0009654 0.0090139 0.0047490 0.0019494 0.0020560 0.0051664 0.0001511 -0.0009200 0.0047069 0.0049717 0.0069948 0.0020192 0.0037888 0.0020845 0.0048499 0.0022081
-0.0012093 0.0027946 -0.0041166 0.9875820 -0.0006752 0.0026280 0.0017549 -0.0011007 0.0056298 0.0015063 0.0016865 0.0006339 0.0036162 0.0030954 0.0004636 0.0046961 0.0038636 -0.0009761 0.0021017 0.0048053 0.0000102 0.0060839 0.0016918 0.0059411 -0.0006986 -0.0034461 0.0028977 -0.0015967 0.0014919 -0.0020992 0.0013216 0.0015351 0.0022060 0.0048351 0.0006319 0.0029599 0.0002587 0.0012013 0.0005021 -0.0028972 -0.0003686 0.0074892 0.0030933 0.0015268 0.0027556 0.0019824 -0.0013631 -0.0003664 0.0029534 0.0057451 0.0050107 -0.0019365 0.0005033 0.0018794 0.0040223 0.0027245 -0.0002126 -0.0037641 0.0034014 0.0078137 0.0057870 0.0018577 0.0024200 0.0028931 0.0041714 0.0017776 0.0046494 -0.0048141 0.0039632 0.0001734 -0.0043212 0.0023313 0.0072659 0.0010392 0.0013617 0.0027353 0.0036509 0.0003767 0.0007049 0.0019929 0.0063703 -0.0014058 0.0017499 0.0004626 0.0018321 0.0107621 -0.0003237 0.0076576 0.0039246 -0.0001102 -0.0714240 -0.0693528 -0.0718977 -0.0464040 -0.0678425 -0.0712228 -0.0697328 -0.0685552 -0.0671258 -0.0697371 -0.0676170 -0.0665661 -0.0702750 -0.0694697 -0.0719746 -0.0697364 -0.0662452 -0.0687773 -0.0661826 -0.0691911 -0.0705839 -0.0665430 0.0054766 0.0071075 -0.0133497 0.0047312 -0.0015905 -0.0002196 0.0019530 0.0043430 0.0030141 0.0060255 -0.0017838 0.0034604 -0.0003581 0.0037737 0.0018864 0.0020830 0.0059889 0.0019759 0.0066986 -0.0014642 0.0039219 0.0016734 0.0014130 0.0037591 0.0015337 0.0020942 0.0033300 0.0017614 0.0008947 -0.0001977 0.0042750 -0.0028033 0.0011239 0.0039297 0.0008402 -0.0011884 0.0017307 0.0024235 0.0028075 0.0032789 0.0011166 0.0036601 -0.0007150 -0.0003557 0.0026555 0.0052418 0.0022901 0.0011979 0.0046033 -0.0044555 0.0040645 0.0033046 0.0019335 0.0047425 0.0015057 0.0024170 0.0062499 0.0062737 0.0055757 0.0028958 0.0016834 0.0009255 0.0044341 0.0008371 -0.0003608 0.0025610 0.0016926 0.0008464 0.0006785 0.0020702 0.0024106 0.0029108 0.0024277 -0.0028678 0.0058438 0.0040550 0.0042379 0.0057601 -0.0002074 0.0039744 0.0041629 0.0023835 0.0025464 0.0011472 -0.0033822 -0.0022529 -0.0023647 0.0036676 0.0051925 0.0053616 -0.0027301 0.0027442 0.0016961 0.0032615 0.0033365 -0.0012103 0.0039060 -0.0007179 0.0033959 0.0011503
0.0039302 -0.0068189 0.0010451 -0.0006752 1.0098577 -0.0000658 0.0096674 -0.0022416 0.0045824 0.0054132 -0.0018282 0.0036099 0.0001221 -0.0053989 -0.0009393 -0.0012040 -0.0006867 -0.0019329 0.0039783 -0.0017947 0.0052977 0.0053755 0.0047900 0.0087280 -0.0041736 0.0033001 0.0008947 -0.0009894 0.0011710 0.0039537 0.0088777 0.0015272 -0.0035390 0.0040433 0.0050178 0.0025590 0.0044610 -0.0001969 0.0006401 -0.0027321 -0.0024659 0.0040207 0.0006712 -0.0029833 0.0018760 0.0056477 0.0060933 0.0025634 0.0003788 -0.0018626 0.0003696 0.0017590 0.0023249 0.0038327 0.0027670 0.0046327 0.0022873 0.0019932 0.0014797 0.0009249 0.0013543 0.0006300 -0.0002257 0.0001602 0.0070562 0.0001293 0.0075779 0.0014995 0.0083230 0.0065074 -0.0007170 0.0098839 0.0000010 0.0062759 0.0046179 0.0035694 0.0010335 -0.0003220 0.0025048 0.0035167 0.0021443 0.0046515 -0.0029749 0.0011065 0.0008333 0.0001835 -0.0005078 0.0011961 -0.0014788 -0.0001491 -0.0746925 -0.0743848 -0.0742842 -0.0536704 -0.0745307 -0.0789720 -0.0743292 -0.0742521 -0.0720608 -0.0748944 -0.0711625 -0.0732947 -0.0742195 -0.0753523 -0.0734575 -0.0765747 -0.0712062 -0.0743459 -0.0729213 -0.0740884 -0.0784244 -0.0692390 0.0065814 -0.0010866 -0.0161220 0.0031293 0.0047660 -0.0002969 0.0021850 0.0011597 0.0021766 0.0008981 0.0052696 0.0014748 0.0014819 0.0001801 -0.0033809 0.0012701 0.0073888 0.0030442 0.0053145 0.0032917 0.0051406 0.0009124 -0.0007875 0.0017967 0.0026576 0.0020012 -0.0006704 0.0017574 0.0053130 0.0059699 0.0079080 0.0031315 0.0032198 0.0010542 0.0086094 0.0071475 0.0033732 -0.0036290 0.0020759 0.0069426 0.0032572 0.0071308 0.0003396 -0.0028739 -0.0014511 0.0050141 0.0005117 0.0043785 0.0033605 -0.0005387 0.0021609 0.0025360 0.0028847 0.0005539 0.0032296 0.0009696 0.0000123 0.0004873 0.0043926 0.0039836 -0.0017071 0.0003981 0.0023723 0.0009394 0.0001431 0.0008250 -0.0011293 0.0023924 0.0035057 -0.0034139 -0.0006162 -0.0044049 -0.0008639 0.0019837 0.0026508 0.0028664 0.0020668 -0.0001693 0.0053981 0.0043722 -0.0015561 0.0007238 -0.0003425 0.0091697 0.0028735 0.0024683 0.0065005 0.0025019 0.0002062 -0.0015665 -0.0047613 -0.0007701 0.0024969 -0.0012651 0.0067835 0.0011333 0.0017603 0.0012317 0.0078771 0.0009752
0.0023070 -0.0016831 -0.0045461 0.0026280 -0.0000658 0.9984331 0.0043641 -0.0008359 -0.0030006 0.0063155 -0.0070024 0.0015123 0.0010566 0.0007826 -0.0040414 0.0054152 -0.0019130 0.0003922 0.0027377 0.0004323 -0.0019455 -0.0006494 -0.0002424 0.0076045 -0.0015286 0.0046718 0.0016429 -0.0003597 0.0020905 0.0030723 0.0042736 0.0046648 -0.0038997 0.0027343 -0.0002705 0.0036019 0.0053162 0.0001170 -0.0035936 -0.0028549 0.0065569 0.0021343 0.0006452 -0.0039570 0.0002163 0.0004932 0.0011977 -0.0047015 -0.0016213 0.0017093 0.0004753 0.0023661 0.0005820 0.0033500 0.0008682 0.0033907 0.0001025 -0.0010799 -0.0035550 0.0002707 0.0040108 -0.0030044 -0.0028042 0.0047930 0.0052030 0.0024669 0.0030896 0.0024995 -0.0030788 0.0028999 -0.0000049 0.0016049 0.0028219 -0.0031678 0.0003236 -0.0018838 0.0006251 0.0003818 0.0011780 0.0037719 0.0008197 0.0015111 0.0020830 0.0041531 0.0015476 -0.0012775 0.0015315 0.0029927 0.0043534 -0.0002116 -0.0537036 -0.0525053 -0.0536102 -0.0366539 -0.0526045 -0.0559415 -0.0522333 -0.0513997 -0.0512419 -0.0539315 -0.0536147 -0.0520627 -0.0546514 -0.0538515 -0.0514668 -0.0542886 -0.0513423 -0.0533349 -0.0520578 -0.0523234 -0.0529617 -0.0487227 0.0002431 0.0015126 -0.0115467 0.0042904 -0.0012115 0.0024025 -0.0023776 -0.0014262 -0.0016285 0.0059470 0.0012406 -0.0014284 0.0041713 0.0023939 0.0024921 -0.0005616 0.0036440 0.0022306 0.0016420 0.0010850 0.0022368 -0.0005180 0.0000095 0.0054701 0.0019939 0.0031942 -0.0013395 -0.0020460 -0.0018591 0.0043920 -0.0001045 -0.0014115 -0.0012304 -0.0032801 0.0013247 -0.0030211 0.0032092 0.0002065 0.0034238 0.0005971 0.0025844 -0.0013659 0.0011398 -0.0027032 0.0006087 0.0039997 0.0004621 -0.0016041 0.0003800 0.0039843 -0.0006773 -0.0015866 -0.0018746 0.0015871 0.0032308 0.0022841 0.0009956 0.0007145 -0.0001163 0.0032105 0.0027002 0.0002885 0.0026136 0.0032542 0.0013049 -0.0031399 0.0035557 0.0057589 -0.0017211 0.0018735 -0.0002126 0.0054218 0.0061024 0.0048497 0.0022560 0.0008443 -0.0057866 0.0017753 0.0003195 -0.0013648 -0.0084179 0.0059795 -0.0002325 0.0044157 -0.0048138 -0.0007547 -0.0004473 -0.0018120 -0.0021052 -0.0027579 -0.0074724 0.0004940 0.0044690 0.0052020 0.0016323 -0.0017432 0.0029028 0.0009611 0.0026184 -0.0010486
-0.0002705 -0.0051158 -0.0028913 0.0017549 0.0096674 0.0043641 0.9798340 -0.0012371 0.0024519 0.0059813 -0.0005950 0.0063998 0.0052485 0.0019214 0.0038760 0.0015626 0.0016024 0.0033734 0.0065452 0.0011416 0.0065297 0.0074735 0.0019387 0.0058814 -0.0022599 0.0015892 0.0026958 0.0043534 0.0051053 0.0035721 0.0088510 0.0067082 0.0014304 0.0064800 -0.0010054 0.0024729 0.0065633 0.0019334 0.0055002 -0.0053984 0.0002489 0.0033897 0.0048235 0.0036285 0.0045317 0.0060336 0.0033838 -0.0001385 0.0044057 0.0046541 0.0017862 0.0062500 0.0048901 0.0032699 0.0025844 0.0068294 0.0055017 0.0048407 -0.0019413 0.0086338 0.0048692 0.0062472 0.0001136 0.0055676 0.0104278 0.0046727 0.0057320 0.0005013 0.0071213 0.0059376 0.0016808 0.0090704 0.0027439 0.0030406 0.0092669 0.0023733 0.0005080 0.0063767 0.0004868 0.0017408 0.0001230 0.0043260 0.0054783 0.0044828 0.0043163 0.0030484 0.0002835 0.0029132 0.0022507 0.0026255 -0.0915494 -0.0895296 -0.0920193 -0.0647802 -0.0913766 -0.0934572 -0.0890393 -0.0911953 -0.0880369 -0.0944366 -0.0892263 -0.0891917 -0.0923177 -0.0900649 -0.0909951 -0.0927273 -0.0902708 -0.0908008 -0.0882056 -0.0895476 -0.0920494 -0.0868741 0.0031400 0.0041192 -0.0187810 0.0066801 0.0045083 0.0031361 0.0016031 -0.0000163 0.0030640 0.0037322 0.0044290 0.0000308 0.0050654 0.0032872 0.0029112 0.0024495 0.0060307 0.0062399 0.0058310 0.0016682 0.0098316 0.0068356 -0.0008637 0.0051235 0.0056829 0.0057505 0.0015816 0.0058153 0.0048796 0.0084219 0.0077167 0.0040099 0.0097048 0.0065648 0.0056606 0.0028276 0.0020249 -0.0034925 0.0077189 0.0044408 0.0051042 0.0071178 0.0005158 0.0031486 0.0082689 0.0071912 0.0006904 0.0052784 0.0035038 0.0039089 0.0056620 0.0005733 0.0047505 0.0057196 0.0071332 0.0053883 0.0070879 0.0008597 0.0035422 0.0056758 0.0039985 0.0020507 -0.0017385 0.0023329 -0.0010395 0.0016062 0.0051614 0.0075955 0.0048804 -0.0011561 0.0025774 0.0070195 0.0006926 0.0060630 0.0022264 0.0028427 0.0015325 0.0071773 0.0084533 0.0015055 0.0007246 0.0016875 0.0034827 0.0067481 0.0075808 0.0026838 0.0086267 0.0076685 0.0032155 0.0083429 -0.0048253 0.0053188 0.0027545 0.0040004 0.0084406 0.0049724 0.0055220 0.0047549 0.0041530 0.0041813
0.0035631 -0.0052337 0.0007453 -0.0011007 -0.0022416 -0.0008359 -0.0012371 0.9984156 0.0104208 0.0027429 0.0074226 -0.0017862 0.0094784 0.0013984 0.0037304 -0.0025549 0.0039558 -0.0010900 0.0014808 0.0032205 0.0009319 0.0029356 0.0019729 0.0014721 0.0071426 -0.0004614 0.0020199 0.0006189 0.0038597 0.0015827 0.0041496 -0.0015491 0.0054517 0.0025334 -0.0013306 -0.0029952 0.0012941 0.0044145 0.0031807 -0.0051667 -0.0000405 0.0042390 0.0006114 0.0053412 0.0025832 0.0057273 0.0013943 0.0062002 -0.0020120 0.0027139 0.0029630 0.0060644 0.0003939 0.0013050 0.0038254 0.0039737 0.0025147 -0.0038551 0.0102664 0.0051055 0.0042840 0.0008677 0.0022183 0.0005912 -0.0076206 0.0045919 0.0057639 0.0052508 -0.0010974 -0.0000812 0.0037622 0.0068736 0.0028704 -0.0011638 -0.0017836 0.0079711 -0.0010109 0.0015951 -0.0008767 0.0044061 -0.0018304 -0.0007833 0.0011420 0.0022891 0.0009159 0.0036260 0.0030548 0.0002330 -0.0048838 0.0028640 -0.0785212 -0.0782450 -0.0786983 -0.0567397 -0.0799023 -0.0781460 -0.0780335 -0.0806796 -0.0800949 -0.0792094 -0.0768545 -0.0759341 -0.0784691 -0.0777831 -0.0796042 -0.0773310 -0.0761985 -0.0773013 -0.0776330 -0.0778984 -0.0793605 -0.0791165 -0.0013354 0.0003558 -0.0132506 0.0033525 0.0060856 0.0042146 0.0051687 0.0045375 0.0030406 0.0033575 0.0022365 0.0047462 0.0014489 0.0054808 0.0007219 0.0057580 0.0036181 -0.0000369 0.0008087 0.0029576 0.0035107 -0.0050041 0.0033778 0.0008607 0.0029939 0.0032863 0.0013704 0.0014481 0.0049359 0.0085507 0.0047092 -0.0012197 -0.0004168 0.0034688 0.0068227 0.0064325 -0.0017364 -0.0002665 0.0016535 0.0013956 0.0045754 0.0043008 0.0028102 0.0063227 0.0028789 0.0033573 0.0028340 -0.0001408 0.0049153 0.0046390 0.0050401 0.0017177 0.0005259 0.0085020 0.0006917 0.0041051 0.0043120 0.0047125 -0.0017876 0.0045098 0.0037535 0.0042771 -0.0033858 0.0007741 0.0072808 -0.0046312 0.0014852 -0.0014781 0.0040899 0.0004595 0.0047113 -0.0008544 0.0071653 -0.0046851 0.0003821 -0.0015069 0.0053229 0.0028941 0.0018594 0.0040794 0.0046818 0.0035827 0.0033389 -0.0017703 0.0039891 0.0052488 0.0063984 0.0044244 0.0032506 0.0013791 0.0034277 0.0032474 -0.0001978 0.0038408 -0.0026026 0.0055763 0.0002549 0.0091480 0.0006141 0.0020413
0.0053440 -0.0060738 0.0000855 0.0056298 0.0045824 -0.0030006 0.0024519 0.0104208 0.9829372 0.0028528 0.0048854 -0.0016779 0.0065179 -0.0000725 0.0014696 0.0029936 0.0066265 0.0007707 0.0001559 0.0077776 0.0057425 0.0023953 0.0057970 0.0021538 0.0071566 0.0054025 0.0035414 0.0027388 0.0045125 0.0066859 0.0013303 -0.0003205 0.0021265 0.0013223 0.0069935 -0.0003156 0.0025580 0.0019418 0.0065335 -0.0019466 0.0038533 0.0066296 0.0000022 0.0065937 0.0001696 0.0046582 0.0014209 0.0039058 0.0013509 0.0066146 0.0030428 0.0054641 0.0009493 0.0016007 0.0048204 0.0088471 0.0007977 -0.0022357 -0.0021826 0.0086197 0.0038243 0.0031795 0.0039218 0.0001802 0.0018990 0.0030483 0.0056350 -0.0028065 0.0021790 0.0084555 -0.0003033 0.0017159 0.0057393 -0.0002597 0.0009121 0.0041545 0.0043285 0.0017935 0.0038098 0.0007612 0.0068491 0.0016940 0.0067383 0.0001981 0.0046968 0.0050957 -0.0015933 0.0048999 -0.0003483 0.0088824 -0.0772523 -0.0781959 -0.0819639 -0.0557510 -0.0798263 -0.0803048 -0.0783075 -0.0805042 -0.0787101 -0.0796482 -0.0796682 -0.0764348 -0.0789342 -0.0788711 -0.0807727 -0.0761447 -0.0753606 -0.0793813 -0.0765599 -0.0769322 -0.0814061 -0.0800614 0.0068290 0.0051272 -0.0118246 0.0043036 0.0060084 0.0089544 0.0044204 0.0037651 0.0038225 0.0027725 0.0040236 0.0044958 0.0031805 0.0022925 -0.0011155 0.0027498 0.0025138 0.0012969 0.0003893 0.0013255 0.0021080 0.0011401 0.0024022 0.0016543 0.0064529 0.0017093 0.0018702 0.0010014 0.0048953 0.0021224 0.0038853 0.0024878 0.0015749 0.0024644 0.0092893 0.0028528 0.0009783 0.0044762 0.0024379 0.0040347 0.0030829 0.0075508 0.0061407 0.0084925 -0.0004979 0.0069790 0.0017960 0.0000948 0.0010463 0.0046803 0.0028521 0.0046992 0.0029195 0.0009795 0.0034743 0.0019118 0.0057901 0.0045481 0.0045085 0.0023336 0.0009584 0.0053979 0.0063167 0.0062771 0.0057249 0.0013536 0.0073324 0.0016635 0.0028950 0.0011005 0.0045856 0.0003066 0.0022769 0.0012539 0.0040873 0.0031615 0.0026848 0.0018753 0.0012321 0.0081738 0.0010104 -0.0001630 0.0025767 0.0033570 0.0048422 0.0014197 0.0056619 0.0013902 0.0055220 0.0058933 -0.0042518 0.0009833 0.0007826 0.0035210 0.0054821 0.0016991 -0.0008380 -0.0010632 0.0037329 0.0043869
0.0029974 -0.0051214 0.0045834 0.0015063 0.0054132 0.0063155 0.0059813 0.0027429 0.0028528 0.9906133 -0.0007689 0.0054839 0.0011690 0.0031300 0.0054097 0.0037442 0.0050572 0.0038559 0.0013842 0.0059978 0.0073916 0.0017905 0.0004674 0.0028031 0.0067885 -0.0007733 0.0036982 0.0034962 0.0020741 0.0016141 0.0022164 0.0041027 0.0030494 0.0045023 0.0004266 0.0028966 0.0058582 0.0002839 0.0064661 -0.0036036 0.0029962 0.0038777 0.0046427 0.0016978 0.0020478 0.0039366 0.0055045 0.0028419 0.0033966 0.0025373 0.0054489 0.0043767 0.0028938 0.0043917 0.0038480 -0.0019706 0.0077617 0.0052968 0.0036558 0.0055809 0.0051640 0.0066107 0.0022576 0.0047590 0.0042890 0.0033469 0.0057244 0.0012621 0.0063417 0.0024668 0.0004751 0.0058794 0.0005195 0.0007913 0.0013742 -0.0007811 -0.0007423 0.0009970 0.0011476 0.0034169 0.0002218 0.0068609 0.0027213 0.0037849 0.0050253 0.0001680 0.0013999 0.0010606 -0.0000049 0.0005192 -0.0834707 -0.0834086 -0.0823513 -0.0592024 -0.0861482 -0.0831114 -0.0818909 -0.0859067 -0.0819739 -0.0812503 -0.0837013 -0.0808124 -0.0856340 -0.0845020 -0.0847451 -0.0817689 -0.0814662 -0.0852302 -0.0812543 -0.0844238 -0.0824784 -0.0855437 0.0030209 0.0015420 -0.0165667 0.0067803 0.0044208 0.0075291 -0.0008401 0.0008949 0.0028026 0.0055762 0.0048890 0.0023665 0.0059225 0.0010995 0.0026040 0.0045782 0.0092101 0.0033703 0.0033372 -0.0005512 0.0042089 0.0025875 0.0005937 0.0065670 0.0069616 0.0048175 0.0026650 0.0061285 0.0040481 0.0053807 0.0067591 0.0038069 0.0053377 0.0041987 0.0009594 0.0010911 0.0011688 0.0022838 0.0053780 0.0027093 -0.0023203 0.0096210 0.0031437 0.0029585 0.0053622 0.0050820 0.0051528 -0.0011250 0.0039744 0.0001254 0.0012212 0.0039792 0.0013954 0.0023494 0.0045981 0.0021735 0.0040069 0.0021088 0.0015432 0.0033885 0.0058964 0.0069254 0.0010267 0.0050404 0.0039212 0.0013514 0.0027606 0.0032194 0.0013657 -0.0043673 0.0056640 0.0042753 0.0010438 0.0053160 0.0054928 0.0011789 0.0020552 0.0026552 0.0047409 0.0028387 0.0014522 -0.0011876 0.0072732 0.0059048 0.0066851 0.0006602 0.0065500 0.0066809 0.0019892 0.0027127 -0.0017459 0.0013232 0.0063839 0.0051640 0.0052047 0.0049630 0.0070867 0.0073849 0.0055184 0.0009151
-0.0051688 -0.0072623 -0.0039496 0.0016865 -0.0018282 -0.0070024 -0.0005950 0.0074226 0.0048854 -0.0007689 1.0098457 -0.0040759 0.0090568 0.0049147 -0.0014779 0.0000823 0.0059433 0.0046933 0.0005497 0.0052614 0.0037175 -0.0029837 0.0011678 -0.0034748 0.0044513 0.0006542 -0.0018752 0.0034934 -0.0029103 -0.0043952 0.0000066 -0.0005032 0.0032077 0.0021910 0.0070368 0.0026215 0.0013233 0.0025335 0.0054996 -0.0036425 0.0045363 0.0042596 0.0033011 0.0005762 0.0036435 0.0043162 0.0003418 -0.0003432 0.0014980 -0.0028496 0.0020642 -0.0009508 0.0010076 0.0041845 0.0032381 0.0024552 0.0015969 -0.0070480 0.0041154 -0.0007932 -0.0011617 0.0061354 0.0009442 -0.0007428 0.0002510 -0.0003798 0.0042167 -0.0004080 0.0025700 0.0038029 0.0044373 0.0015796 -0.0014969 -0.0012749 0.0002985 0.0051104 0.0084061 0.0051972 0.0012767 -0.0024385 0.0030516 0.0003735 0.0041144 -0.0012021 0.0008594 0.0057860 -0.0026157 -0.0018324 0.0013725 0.0084301 -0.0666371 -0.0658563 -0.0666332 -0.0500452 -0.0679595 -0.0668776 -0.0656698 -0.0699151 -0.0650455 -0.0667121 -0.0656987 -0.0646212 -0.0660040 -0.0671695 -0.0659211 -0.0649273 -0.0660643 -0.0676499 -0.0647129 -0.0669834 -0.0667064 -0.0661034 -0.0004211 -0.0006197 -0.0092885 0.0009568 -0.0002494 0.0033389 0.0039235 0.0038098 0.0007345 0.0041790 0.0000149 0.0061649 0.0034208 -0.0008529 0.0013096 0.0103867 -0.0002852 0.0033820 -0.0001887 0.0022833 0.0018253 -0.0007076 0.0122272 0.0053595 0.0011835 0.0006743 0.0042565 0.0044400 -0.0007339 0.0014760 0.0023270 0.0012081 0.0009770 0.0028529 0.0020359 0.0027591 0.0016011 0.0016099 0.0035580 0.0011931 -0.0002382 0.0003583 -0.0010187 0.0038811 -0.0034419 0.0008049 0.0007218 0.0035125 0.0011236 0.0013482 0.0044727 0.0030248 0.0012369 0.0030098 -0.0000764 0.0014652 0.0015861 0.0002831 0.0000667 0.0012330 0.0037700 0.0006236 -0.0022116 0.0011469 -0.0002975 -0.0025192 0.0028324 -0.0026974 0.0033418 0.0028362 0.0018164 0.0021802 -0.0004677 -0.0026269 0.0025510 0.0080463 0.0003075 0.0010725 -0.0023539 0.0037246 0.0020554 -0.0002032 0.0027522 0.0048082 -0.0046545 0.0005791 0.0001889 0.0055168 0.0020647 0.0054592 0.0020159 0.0021970 -0.0025797 -0.0004937 0.0000864 0.0020248 -0.0021593 0.0029680 0.0004414 0.0020999
-0.0005596 -0.0024324 0.0030687 0.0006339 0.0036099 0.0015123 0.0063998 -0.0017862 -0.0016779 0.0054839 -0.0040759 0.9810922 -0.0014515 0.0024490 0.0015996 0.0026801 0.0014908 0.0024222 0.0001419 0.0040888 0.0029065 0.0056425 0.0022063 0.0033638 -0.0040120 -0.0001213 0.0039025 0.0008955 0.0018418 0.0016216 0.0052340 0.0070196 0.0015493 0.0067697 0.0037673 0.0060164 0.0043810 0.0014254 0.0044358 -0.0018711 0.0055874 0.0053495 0.0023398 0.0029906 0.0050823 0.0066028 0.0030938 0.0038246 0.0009321 0.0053858 0.0025301 0.0050744 0.0054871 0.0033588 0.0034940 0.0012926 0.0029449 0.0055873 0.0001560 0.0020249 0.0056569 0.0036507 0.0024708 0.0065951 0.0036638 0.0043408 0.0053309 -0.0001363 0.0057178 0.0039556 0.0057992 0.0017426 -0.0016016 0.0022724 0.0039768 0.0049356 0.0011754 0.0036392 0.0028933 0.0036542 0.0038277 0.0047204 0.0055298 0.0022702 0.0027879 0.0056138 -0.0029804 -0.0018793 -0.0008759 0.0006459 -0.0690267 -0.0696429 -0.0725885 -0.0481875 -0.0733815 -0.0750006 -0.0700481 -0.0728911 -0.0721847 -0.0717971 -0.0710622 -0.0684191 -0.0724167 -0.0713399 -0.0712683 -0.0711676 -0.0676468 -0.0713281 -0.0690326 -0.0696284 -0.0727271 -0.0709869 0.0011613 0.0015038 -0.0165672 0.0043519 0.0029362 0.0020072 -0.0000594 0.0027849 0.0026247 0.0025363 0.0043513 -0.0008772 0.0028984 0.0044436 -0.0003285 0.0022355 0.0056378 0.0027556 0.0000620 0.0016395 0.0064029 0.0052530 -0.0002304 0.0088717 0.0083598 0.0045195 0.0052245 0.0047643 0.0049777 0.0020024 0.0069793 0.0056961 0.0047232 0.0035211 0.0000107 0.0075410 0.0079754 -0.0014801 0.0040989 0.0036409 0.0020038 0.0059283 0.0044089 -0.0035617 0.0062881 0.0060794 0.0033129 0.0018379 0.0036846 0.0035914 0.0044798 0.0034273 0.0049750 0.0048069 0.0015058 0.0092731 0.0069043 0.0019853 0.0034855 0.0018749 0.0030218 0.0071901 -0.0002103 0.0022656 0.0044365 0.0015740 0.0001797 0.0029344 0.0014614 0.0001625 0.0037317 0.0003467 0.0023203 0.0046379 0.0015989 0.0034541 0.0029222 0.0058895 0.0073597 0.0046784 -0.0009024 -0.0033093 0.0043559 0.0038522 0.0018903 0.0029629 0.0045025 0.0066471 0.0011209 -0.0001577 -0.0016860 0.0014036 -0.0003351 -0.0008450 0.0039056 0.0030058 0.0051982 0.0024297 0.0045091 0.0062006
-0.0001419 -0.0087641 -0.0026862 0.0036162 0.0001221 0.0010566 0.0052485 0.0094784 0.0065179 0.0011690 0.0090568 -0.0014515 0.9852000 0.0001103 -0.0007031 0.0042953 0.0067627 0.0053363 0.0065306 0.0040795 0.0049487 0.0007705 0.0001051 0.0033372 0.0100646 0.0031888 0.0032984 0.0070587 0.0009153 0.0013763 0.0058300 0.0048822 0.0036292 0.0008481 0.0012016 0.0044642 0.0058659 0.0039594 0.0056945 -0.0022545 0.0027428 0.0051348 0.0054462 0.0026519 0.0017884 0.0041511 0.0028653 0.0034524 0.0032172 0.0064409 0.0018110 0.0019431 0.0026275 0.0028399 0.0065026 0.0094834 0.0032010 -0.0035018 0.0004534 0.0058416 0.0000178 0.0027478 0.0038764 0.0037499 0.0031408 0.0057028 0.0036342 0.0015149 0.0020606 0.0040959 0.0025169 0.0056326 0.0032669 -0.0000511 -0.0011992 0.0044179 0.0023875 0.0027793 0.0011438 -0.0015081 0.0006425 0.0012612 0.0056496 0.0021492 0.0029416 0.0024200 0.0049104 0.0054415 -0.0018610 0.0077945 -0.0757798 -0.0757409 -0.0764012 -0.0558498 -0.0765008 -0.0767564 -0.0763384 -0.0787822 -0.0759289 -0.0744057 -0.0783733 -0.0747784 -0.0756646 -0.0765032 -0.0787298 -0.0765768 -0.0715058 -0.0752848 -0.0729383 -0.0750259 -0.0784197 -0.0743419 0.0012406 0.0024482 -0.0095374 0.0048960 0.0029453 0.0048782 0.0055283 0.0017126 0.0004217 0.0027151 0.0006117 0.0042393 0.0060137 0.0043243 0.0048844 0.0021435 0.0065334 0.0035058 0.0029147 0.0014292 0.0038062 -0.0010670 0.0021264 0.0008331 0.0043988 0.0049878 0.0033299 0.0038827 0.0068872 0.0045909 0.0079603 0.0043319 0.0019233 0.0011579 0.0033295 0.0034740 0.0036226 0.0010893 0.0028680 0.0037376 0.0054326 0.0052374 -0.0017665 0.0062369 0.0069290 0.0026446 0.0051542 -0.0021734 0.0012570 0.0032544 0.0002371 0.0016520 0.0023026 0.0052437 -0.0000916 0.0042914 0.0058525 0.0031776 0.0038950 0.0016970 0.0042498 0.0038127 0.0003565 0.0029252 0.0018487 -0.0007159 0.0080081 0.0008619 0.0050824 0.0053007 0.0014960 0.0019160 0.0019406 -0.0008621 0.0057227 0.0040192 -0.0004279 0.0036405 -0.0001160 0.0017922 0.0025259 0.0066769 0.0041562 0.0009925 0.0031484 0.0006237 0.0042275 -0.0012751 0.0061083 0.0066206 0.0003644 0.0019101 0.0029149 0.0071434 0.0023880 -0.0010385 0.0034916 -0.0042169 0.0037539 -0.0025266
-0.0018277 -0.0017203 -0.0021066 0.0030954 -0.0053989 0.0007826 0.0019214 0.0013984 -0.0000725 0.0031300 0.0049147 0.0024490 0.0001103 0.9865547 0.0021384 0.0056559 0.0066673 0.0022086 0.0017276 0.0019626 0.0024866 0.0000939 -0.0005900 0.0005897 0.0032457 -0.0009537 -0.0015446 -0.0013157 0.0007841 0.0023100 0.0022038 0.0028225 0.0038209 0.0034907 -0.0003745 -0.0013041 0.0036716 0.0007861 0.0009819 0.0014598 0.0029121 0.0020698 0.0033388 0.0033743 0.0034800 0.0041125 -0.0017070 0.0003375 0.0042932 -0.0010972 0.0008960 0.0026979 0.0030153 0.0046256 0.0034821 -0.0013618 0.0007372 -0.0032462 0.0003855 0.0047661 0.0029391 0.0014810 -0.0022696 0.0007581 -0.0007004 0.0022696 0.0029540 -0.0027352 0.0012880 -0.0023848 0.0018998 0.0029262 0.0027917 -0.0029097 -0.0011050 0.0035903 0.0000869 0.0020931 0.0028548 0.0038627 0.0023688 -0.0007760 0.0022958 0.0017233 0.0027017 0.0054041 0.0003005 -0.0003830 -0.0003877 0.0048433 -0.0577579 -0.0571858 -0.0583737 -0.0401872 -0.0598133 -0.0595461 -0.0579846 -0.0572923 -0.0571506 -0.0573821 -0.0587116 -0.0562643 -0.0581687 -0.0575727 -0.0569787 -0.0566717 -0.0583413 -0.0573577 -0.0564847 -0.0565907 -0.0600041 -0.0548994 -0.0010043 -0.0002859 -0.0111145 0.0025459 0.0025725 0.0035668 0.0033832 0.0078479 0.0021776 0.0037840 -0.0007936 0.0062562 0.0008262 -0.0000915 0.0005683 0.0023287 0.0005680 -0.0012439 0.0061623 0.0022791 0.0019092 0.0023518 0.0040363 0.0036287 0.0036999 0.0020195 0.0001761 0.0018067 0.0022827 0.0012521 0.0047182 -0.0018092 0.0090156 0.0037347 0.0049135 0.0001012 0.0006863 0.0019772 0.0015043 -0.0003773 0.0002395 0.0023614 -0.0009399 -0.0003787 0.0008849 0.0044547 0.0016458 -0.0037180 0.0016034 0.0015763 0.0046759 0.0028550 0.0067589 0.0031821 -0.0030482 0.0001851 0.0049638 0.0014649 0.0011113 0.0003810 0.0019907 0.0019884 -0.0003283 -0.0004670 -0.0003894 -0.0000746 0.0031952 -0.0009090 0.0050833 0.0007054 -0.0003705 -0.0015769 0.0014603 -0.0006182 0.0012517 0.0023751 0.0004137 -0.0028640 0.0026048 0.0009272 -0.0005343 0.0032566 0.0035881 -0.0005222 -0.0000685 0.0027533 -0.0031455 -0.0011486 0.0015227 -0.0007886 0.0040078 0.0041289 0.0010821 0.0043408 0.0005211 0.0018431 0.0009871 0.0007312 0.0013069 0.0033022
-0.0012316 0.0015916 0.0015232 0.0004636 -0.0009393 -0.0040414 0.0038760 0.0037304 0.0014696 0.0054097 -0.0014779 0.0015996 -0.0007031 0.0021384 0.9839252 0.0034088 0.0013521 0.0035334 0.0021506 0.0032226 0.0050310 0.0044710 0.0011882 0.0035993 0.0030579 0.0020206 0.0037186 0.0011489 -0.0015425 0.0037062 0.0052419 0.0007755 0.0000587 0.0025747 -0.0004934 -0.0008494 0.0003947 0.0017945 0.0012705 -0.0000596 0.0013986 -0.0006998 0.0001844 0.0013100 0.0016384 0.0052581 0.0043642 0.0000339 0.0016630 0.0040394 0.0005242 0.0028648 0.0013133 0.0020661 0.0034938 0.0034187 0.0000382 0.0021592 0.0044429 0.0043188 0.0031313 0.0034286 0.0036239 -0.0017685 0.0041432 0.0059204 0.0055886 0.0014922 0.0004768 -0.0003824 -0.0008189 0.0053513 0.0028538 -0.0015691 0.0009390 0.0046874 -0.0029262 0.0004083 0.0012592 -0.0025719 0.0000563 0.0057995 0.0000468 0.0032363 -0.0003705 0.0028584 -0.0001881 0.0019376 -0.0006314 0.0007262 -0.0613043 -0.0604974 -0.0614649 -0.0426687 -0.0615072 -0.0622180 -0.0602724 -0.0631743 -0.0617821 -0.0621311 -0.0611808 -0.0580113 -0.0612822 -0.0597535 -0.0600894 -0.0609415 -0.0600194 -0.0611925 -0.0593404 -0.0610036 -0.0608266 -0.0614230 0.0002935 -0.0020734 -0.0095139 0.0037671 -0.0006206 0.0064939 -0.0041713 -0.0014746 0.0051922 -0.0011245 0.0043086 -0.0025593 0.0018015 0.0050073 0.0020496 0.0040969 0.0036396 0.0056052 0.0052362 0.0059589 0.0058136 0.0015809 0.0009728 0.0031970 0.0042050 0.0011411 -0.0018203 0.0038154 0.0045780 0.0032067 0.0003530 0.0009333 -0.0050412 -0.0003200 0.0023234 0.0041395 -0.0003303 -0.0034574 -0.0002240 0.0044103 0.0043591 0.0026839 0.0048306 0.0031787 0.0007527 0.0020368 0.0032123 0.0015495 0.0029721 0.0030503 0.0009877 -0.0018305 0.0010899 0.0050735 0.0043843 0.0038437 0.0013644 0.0025725 0.0054026 0.0031680 0.0022915 0.0091594 0.0033626 0.0050222 0.0000034 0.0050591 0.0006324 -0.0006785 0.0028034 -0.0024502 0.0053820 -0.0042575 -0.0012563 0.0027303 -0.0013911 -0.0062921 0.0086685 0.0009759 0.0050966 -0.0004524 0.0058818 0.0041960 0.0052524 0.0002002 0.0045716 0.0022504 0.0056834 0.0034338 -0.0017197 0.0014952 -0.0018883 0.0013826 0.0018870 0.0024311 0.0022083 0.0025241 0.0037448 0.0035609 -0.0012384 0.0009165
0.0019327 -0.0022921 0.0067410 0.0046961 -0.0012040 0.0054152 0.0015626 -0.0025549 0.0029936 0.0037442 0.0000823 0.0026801 0.0042953 0.0056559 0.0034088 0.9888634 0.0048673 0.0023087 0.0042318 0.0078208 0.0114313 0.0024335 -0.0025037 0.0039927 0.0004743 0.0033445 0.0035366 0.0006374 0.0055107 0.0038912 0.0055324 0.0020821 -0.0005055 0.0054472 0.0026778 0.0034390 0.0044473 -0.0010029 0.0022575 -0.0011113 0.0060493 0.0054048 0.0006815 0.0017517 0.0060456 0.0040545 0.0006053 -0.0001704 0.0073397 0.0054733 0.0012638 0.0021525 0.0053311 0.0061202 0.0044018 0.0050694 0.0013635 0.0012025 0.0015149 0.0046847 0.0032329 0.0035776 0.0043810 0.0050989 0.0051931 0.0028071 0.0044258 0.0048160 0.0035737 0.0083528 0.0023079 0.0040868 0.0028869 0.0059600 0.0009538 0.0009513 0.0046576 0.0016185 0.0035673 0.0020889 0.0071777 0.0030178 0.0012685 0.0072946 0.0057668 0.0048226 0.0049997 0.0045137 0.0100293 -0.0004227 -0.0872255 -0.0858985 -0.0885143 -0.0643110 -0.0843912 -0.0893921 -0.0872093 -0.0886858 -0.0839055 -0.0864528 -0.0873070 -0.0858673 -0.0873261 -0.0881146 -0.0894859 -0.0866974 -0.0841015 -0.0869129 -0.0858012 -0.0865498 -0.0891857 -0.0827629 0.0050817 0.0058577 -0.0187603 0.0055799 0.0051207 0.0072611 0.0038478 0.0052661 0.0064039 0.0045218 0.0039581 0.0064986 0.0057587 -0.0013846 0.0023976 0.0070005 0.0066321 0.0021486 0.0026267 -0.0015839 0.0038403 0.0036577 0.0041051 0.0035274 0.0064256 0.0011511 0.0028995 0.0040712 0.0051933 0.0076092 0.0045996 0.0063983 0.0028718 -0.0000991 0.0071484 0.0003723 0.0053117 0.0024923 0.0048965 0.0042474 0.0067559 0.0051056 0.0040645 -0.0010593 0.0022693 0.0083288 0.0051264 0.0019760 0.0000882 0.0044155 0.0034626 0.0091340 0.0008974 0.0073264 0.0045598 0.0002369 0.0045170 0.0065027 0.0048181 0.0063995 0.0098268 -0.0015831 0.0066862 0.0022174 0.0005011 0.0029165 0.0047368 0.0059915 0.0042472 -0.0024760 0.0010926 0.0064611 -0.0002399 0.0042263 0.0031029 0.0042208 0.0007505 0.0041301 0.0019355 -0.0003144 -0.0037824 0.0011602 0.0026207 0.0085771 -0.0004872 0.0024568 0.0073468 0.0043374 0.0001727 0.0053034 0.0017909 0.0006182 0.0055193 0.0034730 0.0061164 -0.0006861 0.0054014 0.0018548 0.0057144 0.0048061
0.0034169 -0.0020335 0.0042947 0.0038636 -0.0006867 -0.0019130 0.0016024 0.0039558 0.0066265 0.0050572 0.0059433 0.0014908 0.0067627 0.0066673 0.0013521 0.0048673 0.9793832 0.0010532 0.0044317 0.0031024 0.0049012 0.0017386 0.0037748 0.0008004 0.0067333 -0.0000923 0.0023051 0.0060670 -0.0023120 0.0025912 0.0013474 0.0021321 0.0043489 0.0044467 -0.0003006 0.0029690 0.0020214 0.0014632 0.0045819 -0.0028311 0.0033600 0.0032783 0.0023477 -0.0010294 0.0030035 0.0039421 0.0039558 0.0037940 0.0056242 0.0014375 0.0034785 0.0070500 0.0016386 0.0060556 0.0063170 0.0026952 0.0034337 0.0037966 0.0020054 0.0040963 0.0023473 0.0023214 0.0044872 0.0005890 0.0028976 0.0062366 0.0056645 0.0021310 0.0020172 0.0039652 0.0023036 0.0053623 0.0013126 0.0017772 0.0024523 0.0033066 -0.0001914 0.0061688 0.0023309 -0.0008406 0.0081646 0.0014628 0.0051465 0.0031263 0.0036045 0.0064757 0.0047735 0.0047573 0.0075747 0.0010731 -0.0770029 -0.0781441 -0.0797322 -0.0535966 -0.0803758 -0.0809009 -0.0780777 -0.0787314 -0.0771199 -0.0771282 -0.0784943 -0.0754033 -0.0787326 -0.0791438 -0.0797904 -0.0771221 -0.0748735 -0.0786273 -0.0759542 -0.0787795 -0.0804733 -0.0795393 -0.0000423 0.0035392 -0.0125519 0.0066711 0.0009840 0.0040127 0.0064202 0.0030014 -0.0023297 0.0094080 0.0040987 0.0028468 0.0050214 0.0027117 0.0052680 0.0074440 0.0014010 0.0021779 0.0037724 0.0017937 0.0046246 0.0016620 0.0001938 0.0028324 0.0057900 0.0037663 0.0035021 0.0078570 0.0057501 0.0060563 0.0079283 0.0036303 0.0038207 0.0038362 0.0048927 0.0023080 0.0020494 0.0072775 0.0027869 0.0034218 0.0040490 0.0037876 0.0001628 0.0040870 0.0054839 0.0056498 0.0062299 -0.0012379 0.0091377 0.0034861 0.0033008 0.0039677 0.0034030 0.0031236 0.0021194 0.0058565 0.0050140 0.0027179 0.0023685 0.0039943 0.0063526 0.0052578 0.0031672 0.0051502 0.0027140 0.0010435 0.0047038 -0.0032569 0.0048271 0.0033356 0.0050215 -0.0011940 0.0030147 0.0015930 0.0018682 0.0057879 0.0005736 0.0045610 0.0044590 0.0059324 0.0063259 0.0008450 0.0034584 0.0020820 -0.0003776 -0.0001621 0.0008864 0.0015640 0.0044722 0.0045715 0.0004619 0.0010359 0.0028940 0.0096787 0.0055883 0.0026831 -0.0011861 0.0017311 0.0019734 0.0052176
-0.0042970 -0.0037490 0.0009757 -0.0009761 -0.0019329 0.0003922 0.0033734 -0.0010900 0.0007707 0.0038559 0.0046933 0.0024222 0.0053363 0.0022086 0.0035334 0.0023087 0.0010532 0.9860612 0.0051493 0.0032921 0.0040969 0.0000124 0.0022218 0.0027719 0.0039572 0.0031132 -0.0005822 -0.0002934 -0.0005128 0.0031685 0.0039138 0.0031568 0.0005371 0.0021475 0.0006275 0.0022721 0.0022492 0.0026265 0.0049613 -0.0016001 0.0073960 0.0005810 0.0020667 0.0009450 0.0043125 0.0051893 0.0019867 0.0030281 0.0030817 0.0014324 0.0003809 0.0015026 0.0015444 0.0040173 0.0038693 0.0018969 0.0016091 0.0031964 0.0006850 0.0004456 0.0016063 0.0030814 0.0027420 0.0044969 0.0019730 0.0031995 0.0039044 0.0012971 0.0051577 0.0003383 0.0008385 0.0008511 0.0004008 -0.0012454 0.0022581 0.0031565 0.0003046 0.0014922 0.0007660 0.0029464 0.0002304 0.0034779 0.0060485 0.0000811 0.0015721 0.0002378 0.0039228 0.0017636 0.0016938 0.0030364 -0.0584475 -0.0574428 -0.0578341 -0.0409456 -0.0604831 -0.0567909 -0.0570268 -0.0624805 -0.0548804 -0.0589117 -0.0589112 -0.0567927 -0.0575324 -0.0579508 -0.0585723 -0.0578651 -0.0559003 -0.0589674 -0.0558324 -0.0580546 -0.0564696 -0.0591828 0.0039425 0.0016491 -0.0093855 0.0010705 0.0009632 0.0046724 0.0026829 0.0014820 0.0007234 0.0015862 0.0045055 -0.0012523 0.0045666 0.0055631 -0.0020371 0.0060881 0.0020810 0.0035321 0.0037054 -0.0012831 0.0043579 0.0056584 0.0029580 0.0074159 0.0026109 0.0012620 0.0017397 0.0003712 0.0057883 0.0016075 0.0036520 0.0025319 0.0046326 0.0035880 0.0018693 0.0019509 0.0031433 -0.0040025 0.0031347 0.0038456 0.0002513 0.0009613 0.0020144 0.0044388 0.0001969 0.0015727 0.0028764 0.0042618 0.0003984 0.0013596 0.0015264 0.0028581 0.0001608 0.0005427 0.0034475 0.0002292 0.0003871 0.0020950 0.0043315 0.0000678 0.0024096 0.0035740 0.0014570 0.0043197 0.0019797 0.0021148 0.0029920 0.0035386 0.0035254 0.0049346 0.0032145 -0.0019751 0.0017438 0.0052907 0.0011377 0.0017983 0.0000291 0.0015378 0.0005092 0.0026293 -0.0012175 -0.0014555 0.0047456 0.0035944 -0.0005553 0.0006081 0.0009600 0.0041994 0.0009368 0.0052743 -0.0006538 0.0029079 -0.0000040 0.0011186 0.0039985 -0.0007101 0.0009430 0.0038805 0.0023813 0.0016390
