0.9414843 -0.0066771 -0.0059280 -0.0043348 0.0131952 0.0047539 0.0125984 -0.0064362 -0.0104786 -0.0056158 -0.0077894 -0.0087402 0.0075247 0.0070971 0.0120756 0.0086544 0.0062987 -0.0066556 0.0021383 -0.0071117 0.0018878 0.0020718 0.0015178 0.0005494 0.0070806 0.0057307 -0.0047617 0.0063215 0.0056082 0.0068965 0.0059317 0.0052987 0.0086248 0.0070497 0.0009594 0.0106999 0.0103434 0.0042261 0.0079687 0.0036744 0.0009839 0.0038661 0.0058961 -0.0006629 0.0037688 0.0020858 0.0043668 0.0066827 -0.0072489 -0.0009763 0.0029057 0.0047343 0.0096795 0.0039772 -0.0003602 0.0105155 0.0040361 0.0077824 0.0084997 0.0111193 0.0083217 0.0080873 0.0024777 0.0089456 0.0072081 0.0092822 0.0062452 0.0081412 0.0043310 0.0004141 0.0053705 0.0101665 0.0117867 0.0036163 0.0058178 -0.0016889 0.0050785 0.0041654 0.0121952 0.0052758 0.0029734 0.0078629 0.0043265 0.0064600 0.0062163 0.0053905 0.0059878 0.0017874 0.0057398 0.0125624 0.0080621 0.0113567 0.0086686 0.0101203 0.0165445 0.0033156 0.0055459 -0.0057990 0.0056148 0.0081723 -0.1059546 -0.1067809 -0.1077262 -0.0975583 -0.1013195 -0.0681546 -0.0983287 -0.0970069 -0.1087378 -0.0930564 -0.1044147 -0.0935344 -0.0972902 -0.1004396 -0.1052339 -0.1078119 -0.1040287 -0.1076101 -0.1032027 -0.1035801 -0.1016487 -0.1003525 -0.1044514 -0.1014666 -0.0998707 -0.1073950 -0.1023586 -0.0928070 0.0016813 0.0039108 -0.0204343 0.0073734 0.0035570 0.0073480 0.0067001 0.0058913 0.0059720 0.0100983 0.0081058 0.0056849 0.0030255 0.0074280 0.0057046 0.0002744 0.0122025 0.0093306 0.0087649 0.0080683 0.0003909 0.0078120 0.0042148 0.0013741 0.0028134 0.0043635 -0.0012265 0.0071344 0.0091420 0.0072454 0.0056333 0.0073351 0.0078373 0.0047144 0.0098279 0.0059344 0.0053730 0.0075753 0.0044976 0.0032527 0.0097048 0.0122592 0.0023346 0.0019893 0.0082314 0.0048165 0.0071128 0.0013699 0.0039261 0.0097054 0.0040622 0.0024256 0.0088682 0.0093244 -0.0000918 0.0059470 0.0067819 0.0052896 0.0067535 0.0108724 0.0065921 0.0064726 0.0044903 0.0069442 0.0137702 0.0046308 0.0060990 0.0022496 0.0067611 0.0118743 0.0086090 0.0067917 0.0107339 0.0112275 0.0107996 0.0086563 0.0086427 0.0117536 0.0075451 0.0095365 0.0091793 0.0050539 0.0022592 0.0122344 0.0135111 0.0148490 0.0115826 0.0042375 0.0053507 0.0128915 0.0028048 0.0060733 0.0034041 0.0135263 0.0077028 0.0094790 0.0103286 0.0113648 0.0052047 0.0052875
-0.0066771 1.0130588 0.0564670 -0.0007911 -0.0041061 -0.0080117 -0.0072413 0.0481537 0.0406766 0.0427529 0.0500951 0.0500905 -0.0059749 -0.0097700 -0.0079814 -0.0097030 -0.0095894 0.0462519 -0.0066078 0.0338990 -0.0085240 -0.0096313 -0.0077293 -0.0079238 -0.0090925 -0.0096982 -0.0071904 -0.0093891 -0.0086533 -0.0102926 -0.0102200 -0.0070256 -0.0092558 -0.0075437 -0.0079726 -0.0093531 -0.0099087 -0.0077543 -0.0101471 -0.0111255 -0.0096975 -0.0089671 -0.0096551 -0.0079386 -0.0081960 -0.0112088 -0.0086180 -0.0087902 -0.0012941 -0.0072102 -0.0101250 -0.0094017 -0.0079317 -0.0096940 -0.0090820 -0.0107976 -0.0065502 -0.0089436 -0.0094662 -0.0091794 -0.0098993 -0.0094832 -0.0090476 -0.0109423 -0.0088170 -0.0088896 -0.0072704 -0.0070176 -0.0107485 -0.0101874 -0.0100684 -0.0075817 -0.0083283 -0.0085824 -0.0103084 -0.0040980 -0.0086203 -0.0089937 -0.0091593 -0.0079273 -0.0100004 -0.0077719 -0.0086419 -0.0078847 -0.0106815 -0.0073710 -0.0105398 -0.0088606 -0.0075748 -0.0080604 -0.0084660 -0.0089511 -0.0093615 -0.0101567 -0.0080792 -0.0067588 -0.0079874 0.0488213 -0.0058475 -0.0087969 0.0748481 0.0760282 0.0758332 0.0718725 0.0727654 0.0498699 0.0712544 0.0722101 0.0763687 0.0724191 0.0740128 0.0715141 0.0717379 0.0722722 0.0738753 0.0765342 0.0741656 0.0761036 0.0736634 0.0741787 0.0716767 0.0717423 0.0743698 0.0734949 0.0719956 0.0757355 0.0733297 0.0712823 -0.0093709 -0.0083682 0.0131711 -0.0105570 -0.0090812 -0.0073886 -0.0060747 -0.0081339 -0.0083270 -0.0096738 -0.0096511 -0.0097417 -0.0090536 -0.0084816 -0.0086410 -0.0088645 -0.0078864 -0.0110141 -0.0094014 -0.0090664 -0.0101680 -0.0089437 -0.0069894 -0.0094766 -0.0095522 -0.0098896 -0.0078988 -0.0081845 -0.0088740 -0.0092073 -0.0109716 -0.0087395 -0.0092640 -0.0080142 -0.0097622 -0.0076000 -0.0089877 -0.0069144 -0.0100875 -0.0093635 -0.0088497 -0.0102704 -0.0079839 -0.0058777 -0.0092400 -0.0101938 -0.0101095 -0.0092557 -0.0082106 -0.0088786 -0.0092169 -0.0068053 -0.0082508 -0.0092995 -0.0079841 -0.0100430 -0.0100311 -0.0087161 -0.0096029 -0.0103105 -0.0083796 -0.0085986 -0.0085400 -0.0068669 -0.0081568 -0.0074576 -0.0095169 -0.0061473 -0.0104182 -0.0069725 -0.0077919 -0.0067531 -0.0074238 -0.0068149 -0.0092582 -0.0066648 -0.0078285 -0.0096270 -0.0090286 -0.0088664 -0.0087482 -0.0092730 -0.0098927 -0.0083165 -0.0083422 -0.0089339 -0.0103212 -0.0087889 -0.0090529 -0.0087426 -0.0075222 -0.0089715 -0.0092338 -0.0088370 -0.0088264 -0.0085911 -0.0074839 -0.0062010 -0.0090258 -0.0102886
-0.0059280 0.0564670 1.0212454 0.0001637 -0.0036485 -0.0082982 -0.0068202 0.0594783 0.0479620 0.0486559 0.0618290 0.0608002 -0.0065031 -0.0101985 -0.0078860 -0.0105704 -0.0107603 0.0562731 -0.0064584 0.0433718 -0.0097387 -0.0107363 -0.0083855 -0.0088119 -0.0096720 -0.0108005 -0.0085721 -0.0098212 -0.0098300 -0.0108935 -0.0110712 -0.0068476 -0.0100114 -0.0074262 -0.0090260 -0.0101451 -0.0101553 -0.0084529 -0.0110652 -0.0119739 -0.0098471 -0.0095717 -0.0108784 -0.0081158 -0.0088926 -0.0120552 -0.0096394 -0.0095728 -0.0026032 -0.0080497 -0.0112456 -0.0101027 -0.0087563 -0.0106138 -0.0106413 -0.0116823 -0.0068060 -0.0093931 -0.0102759 -0.0093120 -0.0103610 -0.0101449 -0.0093853 -0.0121906 -0.0093885 -0.0088756 -0.0071216 -0.0067372 -0.0119537 -0.0108878 -0.0115898 -0.0071681 -0.0088831 -0.0094300 -0.0109290 -0.0053098 -0.0094884 -0.0092388 -0.0098067 -0.0086257 -0.0106892 -0.0081633 -0.0089763 -0.0086303 -0.0115177 -0.0075899 -0.0116384 -0.0095186 -0.0084326 -0.0084351 -0.0091771 -0.0092029 -0.0101162 -0.0110139 -0.0079863 -0.0063031 -0.0087263 0.0593553 -0.0056830 -0.0093844 0.0760923 0.0774299 0.0770253 0.0736376 0.0741875 0.0510722 0.0727265 0.0738218 0.0775058 0.0747165 0.0751956 0.0736097 0.0731376 0.0734000 0.0753062 0.0778450 0.0752186 0.0772455 0.0750452 0.0757283 0.0732103 0.0730722 0.0757458 0.0751117 0.0732942 0.0769113 0.0747944 0.0733611 -0.0104461 -0.0090269 0.0138771 -0.0114849 -0.0092816 -0.0078097 -0.0055483 -0.0081861 -0.0090802 -0.0098968 -0.0105248 -0.0103397 -0.0100392 -0.0091835 -0.0094405 -0.0100215 -0.0080647 -0.0118994 -0.0101934 -0.0094552 -0.0112710 -0.0092027 -0.0068342 -0.0105558 -0.0109559 -0.0114460 -0.0082959 -0.0080843 -0.0095094 -0.0098095 -0.0125766 -0.0086236 -0.0092467 -0.0084162 -0.0107043 -0.0076691 -0.0097791 -0.0073530 -0.0115966 -0.0108595 -0.0096848 -0.0111157 -0.0084774 -0.0048518 -0.0102372 -0.0115297 -0.0111695 -0.0096414 -0.0085426 -0.0092073 -0.0101654 -0.0070659 -0.0091416 -0.0104978 -0.0091970 -0.0108185 -0.0108467 -0.0099650 -0.0106286 -0.0110231 -0.0090964 -0.0090591 -0.0088714 -0.0073047 -0.0083430 -0.0083182 -0.0102937 -0.0062734 -0.0114552 -0.0070808 -0.0085722 -0.0060186 -0.0074647 -0.0070571 -0.0099322 -0.0066074 -0.0081993 -0.0105136 -0.0096305 -0.0091409 -0.0092974 -0.0098960 -0.0110193 -0.0087758 -0.0082809 -0.0091521 -0.0111171 -0.0095968 -0.0103272 -0.0084369 -0.0077046 -0.0095815 -0.0098523 -0.0095807 -0.0091031 -0.0090598 -0.0072286 -0.0056522 -0.0100923 -0.0106316
-0.0043348 -0.0007911 0.0001637 0.9812148 -0.0012947 0.0041747 -0.0018305 -0.0007055 -0.0020720 -0.0004903 -0.0005692 -0.0009019 -0.0003438 0.0000489 -0.0013421 -0.0020555 -0.0011287 -0.0006840 -0.0021662 -0.0010016 -0.0003607 -0.0053475 0.0005682 0.0010198 0.0031698 -0.0003138 -0.0034701 0.0007950 -0.0007892 -0.0003792 0.0009547 -0.0026202 -0.0014658 -0.0004810 0.0003627 -0.0049770 -0.0026428 -0.0030854 0.0019824 0.0005026 0.0006705 -0.0009709 -0.0019984 0.0019265 0.0007214 -0.0007882 0.0018110 -0.0012502 -0.0000367 -0.0021098 0.0001428 -0.0002027 0.0027023 0.0015984 -0.0008948 -0.0023214 -0.0020805 -0.0013714 -0.0013612 -0.0034393 -0.0062203 0.0005202 0.0036298 -0.0027372 -0.0024050 -0.0015776 0.0017909 0.0059309 0.0032449 0.0036336 -0.0004312 -0.0028439 0.0015445 -0.0000360 0.0013184 -0.0024425 0.0017491 -0.0023142 0.0013937 0.0002522 -0.0004810 0.0006952 0.0006536 0.0043926 -0.0007778 -0.0025948 -0.0002127 -0.0011688 0.0019215 0.0023855 0.0002697 -0.0004640 0.0024269 -0.0029160 0.0066075 0.0062201 0.0015345 -0.0001631 0.0010857 -0.0010448 -0.0294026 -0.0304641 -0.0311590 -0.0310620 -0.0320777 -0.0194723 -0.0310750 -0.0310793 -0.0308147 -0.0256294 -0.0297350 -0.0316237 -0.0295667 -0.0294105 -0.0297109 -0.0307724 -0.0301077 -0.0297393 -0.0287235 -0.0264379 -0.0272340 -0.0265465 -0.0321052 -0.0319505 -0.0295100 -0.0311830 -0.0297736 -0.0294330 -0.0034681 0.0010521 -0.0038712 -0.0026772 -0.0004118 -0.0009693 -0.0054072 -0.0032323 -0.0005936 0.0011179 -0.0016814 -0.0015327 -0.0022022 -0.0032359 0.0017781 -0.0007988 -0.0020205 -0.0044558 0.0007253 -0.0015458 -0.0007890 -0.0078243 -0.0018028 0.0012879 -0.0011889 0.0005600 -0.0019529 -0.0016355 -0.0008116 -0.0019046 -0.0029116 0.0005921 -0.0003204 -0.0059838 -0.0011441 -0.0042303 0.0013344 -0.0022719 -0.0021511 -0.0002933 0.0039661 -0.0045495 0.0059211 -0.0015909 0.0004220 -0.0017590 -0.0019083 0.0038050 0.0021888 0.0061383 -0.0029804 -0.0004352 -0.0023349 0.0021291 -0.0040907 -0.0006835 -0.0015365 0.0004091 0.0006305 -0.0017942 0.0002478 0.0007757 0.0055454 0.0043467 -0.0023905 -0.0016004 -0.0000761 0.0034142 -0.0047048 0.0049636 0.0016994 -0.0001299 0.0030597 0.0019988 -0.0001217 0.0030270 0.0002003 -0.0002385 -0.0003318 -0.0044304 0.0002559 0.0036780 0.0001412 0.0036256 -0.0037970 0.0032785 0.0031288 0.0085310 -0.0007094 0.0000893 0.0002764 -0.0011790 0.0022247 0.0021663 -0.0014356 0.0017660 -0.0011063 0.0009005 0.0000846 0.0054424
0.0131952 -0.0041061 -0.0036485 -0.0012947 0.9533175 0.0011771 0.0086147 -0.0040696 -0.0080818 -0.0031855 -0.0052428 -0.0058514 0.0011630 0.0039298 0.0066082 0.0040972 0.0054495 -0.0043337 0.0036134 -0.0034970 0.0029658 -0.0002062 -0.0008990 0.0017095 0.0103919 0.0048283 -0.0006964 0.0054127 0.0057743 0.0098387 0.0061619 0.0089883 0.0102175 0.0002906 0.0034544 0.0048423 0.0090432 0.0035961 0.0064745 0.0061018 0.0055416 0.0021909 0.0042263 0.0111691 0.0021828 0.0059625 -0.0001064 0.0017484 -0.0088676 0.0013922 0.0013505 0.0041648 0.0050208 0.0038131 0.0017010 0.0101196 0.0068941 0.0024099 0.0093175 0.0013051 0.0070713 0.0049965 0.0034236 0.0094064 0.0060673 0.0048197 0.0061731 0.0052327 0.0075496 0.0045564 0.0046294 0.0009285 0.0045762 0.0049674 0.0024471 -0.0014691 0.0077571 0.0077134 0.0048519 0.0063879 0.0049037 0.0066216 0.0086547 0.0074542 0.0061653 0.0115142 0.0021386 -0.0031619 0.0054056 0.0077361 0.0100063 0.0036406 0.0082502 0.0049624 0.0074430 0.0098395 0.0103129 -0.0038289 0.0080836 0.0034756 -0.0933586 -0.0931809 -0.0944521 -0.0863813 -0.0874360 -0.0620282 -0.0868477 -0.0866891 -0.0939631 -0.0835755 -0.0912212 -0.0826881 -0.0860553 -0.0873170 -0.0919610 -0.0947432 -0.0938661 -0.0943716 -0.0914718 -0.0902668 -0.0867538 -0.0887837 -0.0930485 -0.0886499 -0.0879538 -0.0936521 -0.0889653 -0.0829740 0.0031909 0.0094439 -0.0201109 0.0081989 0.0107913 0.0049114 0.0030507 0.0075194 0.0041509 0.0083337 0.0095949 0.0049776 0.0028474 0.0040418 0.0042981 0.0033741 0.0053413 0.0055416 0.0038511 0.0073436 0.0069142 0.0119998 0.0035515 0.0015860 0.0033293 0.0042304 0.0011420 0.0040214 0.0080470 0.0057645 0.0031200 0.0071755 0.0044294 0.0036057 0.0063999 0.0015092 0.0031792 0.0078868 0.0024155 0.0031492 0.0043049 0.0073023 0.0073066 0.0026624 0.0033425 0.0064770 0.0051116 0.0083159 0.0032129 0.0066570 0.0048912 0.0063721 0.0065136 0.0112072 0.0016943 0.0061382 0.0064386 0.0024090 0.0075915 0.0071919 0.0026464 0.0036088 0.0023708 0.0077018 0.0096186 0.0065663 0.0037257 0.0023725 0.0091425 0.0080964 0.0028976 0.0124325 0.0081014 0.0049967 0.0040522 0.0027447 0.0098412 0.0025444 0.0070108 0.0072863 0.0059783 0.0081858 0.0029975 0.0096415 0.0054847 0.0126526 0.0094227 0.0072089 0.0030747 0.0111094 0.0051286 0.0037860 0.0107514 0.0087662 0.0106072 0.0076812 0.0120946 0.0076792 0.0056542 0.0064395
0.0047539 -0.0080117 -0.0082982 0.0041747 0.0011771 0.9614174 0.0049192 -0.0079413 -0.0106197 -0.0076409 -0.0094486 -0.0097557 0.0053603 0.0062184 0.0052807 0.0082869 0.0060813 -0.0078471 0.0067835 -0.0062273 0.0008960 0.0067359 0.0051807 0.0012833 0.0086612 0.0068120 -0.0013201 0.0046769 0.0055025 0.0045337 0.0081893 0.0041955 0.0079860 0.0030410 -0.0011162 0.0056887 0.0042880 0.0054375 0.0020494 0.0053153 0.0057750 0.0051213 0.0064136 0.0047997 0.0056444 0.0026159 0.0030683 0.0044184 -0.0050823 0.0012473 0.0087274 0.0066675 0.0053765 0.0056061 0.0041108 0.0031714 0.0019979 0.0070950 0.0066387 0.0082823 0.0040782 0.0061998 0.0053689 0.0073147 0.0065886 0.0025953 0.0012153 0.0055105 0.0083688 0.0082854 0.0029951 0.0065043 0.0079191 0.0075000 0.0050858 -0.0001561 0.0001414 0.0064352 0.0052561 0.0016790 0.0063545 0.0088708 0.0054357 0.0053635 0.0071861 0.0056934 0.0053116 0.0047455 0.0059238 0.0102677 0.0044448 0.0059643 0.0041269 0.0065471 0.0149948 0.0037981 0.0100985 -0.0076813 0.0093135 0.0036664 -0.0900358 -0.0894050 -0.0907459 -0.0836458 -0.0870570 -0.0536604 -0.0817954 -0.0836596 -0.0906138 -0.0818465 -0.0872009 -0.0811482 -0.0828374 -0.0838645 -0.0873847 -0.0911339 -0.0888942 -0.0910205 -0.0856611 -0.0875726 -0.0838275 -0.0847628 -0.0882090 -0.0863859 -0.0838668 -0.0903377 -0.0840054 -0.0802811 0.0088658 0.0103960 -0.0166462 0.0078871 0.0033685 0.0034806 0.0049416 0.0071200 0.0047440 0.0097807 0.0047552 0.0064156 0.0010251 0.0064183 0.0057188 0.0044033 0.0085456 0.0062790 0.0082679 0.0034181 0.0052363 0.0056213 0.0041887 0.0064188 0.0031452 0.0062558 0.0045257 0.0063422 0.0046712 0.0053065 0.0054952 0.0023378 0.0046250 0.0067024 0.0050749 0.0022689 0.0052339 0.0063450 0.0041077 0.0053695 0.0045986 0.0081190 0.0048085 0.0047010 0.0057265 0.0059016 0.0064225 0.0057932 0.0074487 0.0022505 0.0071115 0.0062591 0.0057007 0.0058419 0.0028908 0.0054674 0.0094058 0.0074394 0.0076927 0.0058462 0.0043217 0.0051937 0.0087718 0.0059577 0.0045539 0.0045030 0.0055023 0.0041262 0.0059356 0.0063406 0.0057584 0.0075160 0.0089851 0.0047610 0.0083735 0.0101744 0.0082088 0.0095082 0.0042088 0.0082242 0.0089238 0.0063864 0.0050874 0.0051535 0.0027238 0.0032229 0.0032431 0.0061554 0.0086932 0.0102554 0.0027170 0.0074470 0.0076237 0.0073794 0.0079955 0.0035666 0.0098814 0.0056439 0.0068292 0.0055003
0.0125984 -0.0072413 -0.0068202 -0.0018305 0.0086147 0.0049192 0.9559450 -0.0071502 -0.0110743 -0.0066458 -0.0085432 -0.0090794 0.0041907 0.0140268 0.0035489 0.0049783 0.0099953 -0.0074487 0.0059119 -0.0071765 0.0032028 0.0033551 -0.0013359 0.0008206 0.0048283 0.0019720 -0.0012208 0.0064983 0.0017072 0.0098807 0.0070620 0.0101039 0.0135701 -0.0012100 0.0038985 0.0034288 0.0066734 0.0046847 0.0075329 0.0113936 0.0037802 -0.0008546 0.0041638 0.0093908 0.0053181 0.0060701 0.0013256 0.0046335 -0.0062350 -0.0009465 0.0055004 0.0065516 0.0008342 0.0041128 0.0045538 0.0104501 0.0070349 0.0042432 0.0026213 0.0039355 0.0067441 0.0063289 0.0084631 0.0052237 0.0091589 0.0068109 0.0087323 0.0057320 0.0042825 0.0062129 0.0025871 0.0038457 0.0050740 0.0104144 0.0064699 -0.0003539 0.0060363 0.0142349 0.0092996 0.0061755 0.0111319 0.0050088 0.0105654 0.0069859 0.0084563 0.0043625 0.0047504 0.0028259 0.0082458 0.0076955 0.0104828 0.0072494 0.0056871 0.0035958 0.0066576 0.0068013 0.0107267 -0.0069104 0.0058535 0.0049545 -0.1025916 -0.1035544 -0.1041632 -0.0930653 -0.0980179 -0.0674659 -0.0943983 -0.0955970 -0.1050151 -0.0932382 -0.1001245 -0.0906529 -0.0951141 -0.0957890 -0.1023985 -0.1054660 -0.1023318 -0.1041601 -0.0996305 -0.0992508 -0.0973447 -0.0973823 -0.1026061 -0.0975207 -0.0981165 -0.1041696 -0.1003162 -0.0872534 0.0069063 0.0038293 -0.0241072 0.0077783 0.0083177 0.0060783 0.0065281 0.0055471 0.0059773 0.0040930 0.0099616 0.0048053 0.0017582 0.0044322 0.0018838 0.0033657 0.0122529 0.0080292 0.0062318 0.0072144 0.0053449 0.0065199 0.0005429 0.0046652 0.0026688 0.0056336 0.0019565 0.0105333 0.0084576 0.0101031 0.0077347 0.0092876 0.0078899 0.0083897 0.0119774 0.0104144 0.0080267 0.0009949 0.0053294 0.0062663 0.0070734 0.0107041 0.0053356 0.0058385 0.0046511 0.0041652 0.0025594 0.0062738 0.0090458 0.0039080 0.0073601 0.0063732 0.0063913 0.0044935 0.0023854 0.0058232 0.0068857 0.0027024 0.0055919 0.0083618 0.0042030 0.0057328 0.0067171 0.0052789 0.0052584 0.0037659 0.0031964 0.0041039 0.0078271 0.0040124 0.0059963 0.0057748 0.0097737 0.0090987 0.0093768 0.0107585 0.0074760 0.0064310 0.0105087 0.0104095 0.0036346 0.0034030 0.0026837 0.0163694 0.0107693 0.0110221 0.0096348 0.0070390 0.0029249 0.0061441 0.0049017 0.0046801 0.0056443 0.0043396 0.0128401 0.0064281 0.0086249 0.0109413 0.0103703 0.0067484
-0.0064362 0.0481537 0.0594783 -0.0007055 -0.0040696 -0.0079413 -0.0071502 1.0148295 0.0410824 0.0415178 0.0518710 0.0518412 -0.0059432 -0.0098210 -0.0077123 -0.0096665 -0.0094965 0.0483269 -0.0059982 0.0362586 -0.0083704 -0.0097020 -0.0075880 -0.0078991 -0.0089546 -0.0098643 -0.0075489 -0.0089731 -0.0087197 -0.0099762 -0.0104579 -0.0066880 -0.0091597 -0.0072554 -0.0080685 -0.0092305 -0.0092644 -0.0077378 -0.0101447 -0.0110093 -0.0094556 -0.0088449 -0.0096012 -0.0074056 -0.0081711 -0.0111901 -0.0087673 -0.0087806 -0.0016309 -0.0073983 -0.0101402 -0.0094426 -0.0081889 -0.0096145 -0.0093522 -0.0108059 -0.0064934 -0.0085893 -0.0095783 -0.0092270 -0.0094520 -0.0095908 -0.0091926 -0.0109004 -0.0089961 -0.0085552 -0.0071792 -0.0069390 -0.0109937 -0.0099315 -0.0102380 -0.0071404 -0.0084448 -0.0085483 -0.0098800 -0.0044364 -0.0085292 -0.0087635 -0.0091632 -0.0079499 -0.0097729 -0.0077522 -0.0080126 -0.0080099 -0.0104141 -0.0073825 -0.0106008 -0.0087960 -0.0077915 -0.0079272 -0.0085067 -0.0087556 -0.0090572 -0.0102760 -0.0081114 -0.0065140 -0.0082745 0.0502499 -0.0061081 -0.0087500 0.0731622 0.0743011 0.0739074 0.0703223 0.0711046 0.0487492 0.0697263 0.0703539 0.0743987 0.0708681 0.0720808 0.0697146 0.0701167 0.0704854 0.0722899 0.0746468 0.0722468 0.0742454 0.0718392 0.0723087 0.0700140 0.0700527 0.0727389 0.0716916 0.0703022 0.0739110 0.0719177 0.0695535 -0.0093510 -0.0080955 0.0129628 -0.0107485 -0.0088745 -0.0076781 -0.0055576 -0.0081009 -0.0085681 -0.0091558 -0.0092725 -0.0093885 -0.0090864 -0.0083303 -0.0085662 -0.0088839 -0.0071922 -0.0111750 -0.0091837 -0.0087894 -0.0101990 -0.0089766 -0.0068790 -0.0096663 -0.0095375 -0.0102183 -0.0079611 -0.0081209 -0.0087129 -0.0090450 -0.0112447 -0.0083180 -0.0087002 -0.0081669 -0.0097235 -0.0077164 -0.0090511 -0.0065213 -0.0101498 -0.0094938 -0.0093032 -0.0101278 -0.0079283 -0.0059816 -0.0095883 -0.0102963 -0.0099151 -0.0094094 -0.0078836 -0.0086896 -0.0091365 -0.0064010 -0.0083251 -0.0092259 -0.0082723 -0.0099863 -0.0099479 -0.0088094 -0.0095530 -0.0103509 -0.0083493 -0.0084545 -0.0084477 -0.0072845 -0.0080598 -0.0074839 -0.0093454 -0.0061554 -0.0106282 -0.0066362 -0.0081143 -0.0060762 -0.0073635 -0.0066965 -0.0092914 -0.0068039 -0.0076317 -0.0097652 -0.0087674 -0.0086703 -0.0087349 -0.0093681 -0.0100742 -0.0083217 -0.0081070 -0.0086491 -0.0107112 -0.0089961 -0.0090380 -0.0081701 -0.0074667 -0.0088377 -0.0094760 -0.0090833 -0.0088169 -0.0084752 -0.0072950 -0.0058929 -0.0092446 -0.0094192
-0.0104786 0.0406766 0.0479620 -0.0020720 -0.0080818 -0.0106197 -0.0110743 0.0410824 1.0341091 0.0356774 0.0436925 0.0448505 -0.0082788 -0.0126338 -0.0113703 -0.0113066 -0.0119626 0.0388610 -0.0097662 0.0327218 -0.0092882 -0.0116084 -0.0090574 -0.0083608 -0.0123072 -0.0114829 -0.0073446 -0.0118819 -0.0101770 -0.0130413 -0.0127951 -0.0103601 -0.0127346 -0.0102430 -0.0087277 -0.0111853 -0.0128139 -0.0102127 -0.0129058 -0.0135971 -0.0127797 -0.0105642 -0.0109829 -0.0111646 -0.0104699 -0.0138779 -0.0095335 -0.0108099 0.0011018 -0.0087197 -0.0114499 -0.0115757 -0.0113008 -0.0111439 -0.0098540 -0.0135679 -0.0090532 -0.0119312 -0.0124707 -0.0120646 -0.0125474 -0.0122901 -0.0122730 -0.0130335 -0.0121637 -0.0121897 -0.0108924 -0.0106720 -0.0133043 -0.0121280 -0.0118280 -0.0103341 -0.0118298 -0.0118187 -0.0132184 -0.0033279 -0.0111466 -0.0118885 -0.0123256 -0.0102747 -0.0119142 -0.0104457 -0.0115973 -0.0098274 -0.0136552 -0.0096993 -0.0124149 -0.0108547 -0.0108974 -0.0113831 -0.0113824 -0.0123392 -0.0119507 -0.0124052 -0.0124897 -0.0100992 -0.0114261 0.0411237 -0.0091587 -0.0117243 0.1080092 0.1092431 0.1094680 0.1025117 0.1043798 0.0706443 0.1012456 0.1020655 0.1102272 0.1019741 0.1062570 0.0998480 0.1019394 0.1036534 0.1068861 0.1105805 0.1069962 0.1098167 0.1056625 0.1061810 0.1021615 0.1028392 0.1076212 0.1046815 0.1033524 0.1091924 0.1046992 0.0997390 -0.0114445 -0.0114916 0.0181832 -0.0140103 -0.0121340 -0.0111726 -0.0092297 -0.0107417 -0.0103547 -0.0124753 -0.0128811 -0.0121271 -0.0097026 -0.0107355 -0.0111461 -0.0098956 -0.0114655 -0.0135454 -0.0116877 -0.0112930 -0.0119084 -0.0125568 -0.0094145 -0.0121117 -0.0101080 -0.0115627 -0.0095670 -0.0122067 -0.0117541 -0.0122885 -0.0125659 -0.0122115 -0.0121128 -0.0111587 -0.0123721 -0.0109743 -0.0120590 -0.0089530 -0.0117215 -0.0108780 -0.0120602 -0.0136123 -0.0110207 -0.0100629 -0.0125272 -0.0112871 -0.0121671 -0.0109839 -0.0106834 -0.0121520 -0.0113192 -0.0092960 -0.0112632 -0.0115233 -0.0081013 -0.0125455 -0.0127123 -0.0099470 -0.0119104 -0.0135512 -0.0104585 -0.0110472 -0.0106266 -0.0098710 -0.0112996 -0.0092047 -0.0112449 -0.0090071 -0.0131311 -0.0094973 -0.0099290 -0.0104312 -0.0114902 -0.0097122 -0.0121097 -0.0108273 -0.0107087 -0.0126707 -0.0113649 -0.0118603 -0.0116118 -0.0113245 -0.0110902 -0.0120578 -0.0120306 -0.0127688 -0.0134492 -0.0115025 -0.0107959 -0.0125078 -0.0098481 -0.0115021 -0.0119399 -0.0117430 -0.0126518 -0.0114038 -0.0114011 -0.0104737 -0.0110482 -0.0124412
-0.0056158 0.0427529 0.0486559 -0.0004903 -0.0031855 -0.0076409 -0.0066458 0.0415178 0.0356774 1.0141824 0.0433749 0.0440318 -0.0053488 -0.0093199 -0.0069596 -0.0091446 -0.0087662 0.0397550 -0.0060615 0.0294715 -0.0082743 -0.0093199 -0.0071285 -0.0073404 -0.0084768 -0.0092841 -0.0069855 -0.0086131 -0.0081875 -0.0091241 -0.0095146 -0.0061560 -0.0089862 -0.0068026 -0.0073079 -0.0085102 -0.0090504 -0.0076545 -0.0097759 -0.0106539 -0.0091744 -0.0082841 -0.0089005 -0.0072341 -0.0075426 -0.0104618 -0.0079298 -0.0083795 -0.0013331 -0.0068885 -0.0097518 -0.0086153 -0.0077911 -0.0088827 -0.0086606 -0.0099098 -0.0060985 -0.0080577 -0.0092951 -0.0085208 -0.0093313 -0.0090626 -0.0087423 -0.0103883 -0.0084934 -0.0082749 -0.0063290 -0.0066878 -0.0102638 -0.0091426 -0.0095039 -0.0066985 -0.0075062 -0.0083192 -0.0096222 -0.0039656 -0.0080366 -0.0081580 -0.0084772 -0.0071633 -0.0090704 -0.0070902 -0.0077134 -0.0071380 -0.0099131 -0.0064702 -0.0098854 -0.0081275 -0.0072534 -0.0072205 -0.0078086 -0.0078716 -0.0087407 -0.0097549 -0.0071304 -0.0058262 -0.0077466 0.0426676 -0.0050297 -0.0081624 0.0704112 0.0715574 0.0713305 0.0676663 0.0686988 0.0469958 0.0674173 0.0681686 0.0717726 0.0685165 0.0697525 0.0670745 0.0677601 0.0680347 0.0695271 0.0720047 0.0695565 0.0714393 0.0693774 0.0701781 0.0677091 0.0676148 0.0701338 0.0690875 0.0678152 0.0712307 0.0691158 0.0668658 -0.0090757 -0.0076501 0.0121521 -0.0098231 -0.0081242 -0.0070975 -0.0053165 -0.0072928 -0.0082102 -0.0087240 -0.0088338 -0.0089429 -0.0086638 -0.0080268 -0.0082299 -0.0083000 -0.0071639 -0.0103377 -0.0089100 -0.0080939 -0.0095430 -0.0081264 -0.0063654 -0.0094078 -0.0087888 -0.0093839 -0.0071576 -0.0072683 -0.0083264 -0.0083384 -0.0105066 -0.0078781 -0.0086395 -0.0073824 -0.0092001 -0.0072184 -0.0085434 -0.0063031 -0.0095848 -0.0089925 -0.0082430 -0.0097017 -0.0076223 -0.0052969 -0.0089635 -0.0094475 -0.0092337 -0.0086900 -0.0072868 -0.0082398 -0.0087067 -0.0062985 -0.0077250 -0.0089316 -0.0075824 -0.0097009 -0.0091546 -0.0080743 -0.0089793 -0.0098690 -0.0077499 -0.0079871 -0.0077963 -0.0064381 -0.0074107 -0.0069674 -0.0088752 -0.0058932 -0.0095899 -0.0061142 -0.0072165 -0.0056871 -0.0068317 -0.0060721 -0.0083021 -0.0065603 -0.0074672 -0.0092092 -0.0084142 -0.0080010 -0.0082352 -0.0085042 -0.0092133 -0.0075714 -0.0078257 -0.0082246 -0.0098017 -0.0080866 -0.0086323 -0.0077802 -0.0067516 -0.0083649 -0.0084626 -0.0082849 -0.0079991 -0.0076723 -0.0064936 -0.0054309 -0.0082821 -0.0095921
-0.0077894 0.0500951 0.0618290 -0.0005692 -0.0052428 -0.0094486 -0.0085432 0.0518710 0.0436925 0.0433749 1.0246751 0.0542757 -0.0073136 -0.0113831 -0.0093287 -0.0110447 -0.0108594 0.0492366 -0.0077623 0.0383754 -0.0094223 -0.0110931 -0.0087599 -0.0088166 -0.0106390 -0.0110374 -0.0081390 -0.0105162 -0.0100103 -0.0119006 -0.0116955 -0.0082201 -0.0109365 -0.0086242 -0.0089381 -0.0104266 -0.0109856 -0.0091890 -0.0117270 -0.0129452 -0.0113150 -0.0097063 -0.0106693 -0.0091131 -0.0093997 -0.0128849 -0.0095413 -0.0100521 -0.0011276 -0.0079899 -0.0112241 -0.0108722 -0.0094574 -0.0107990 -0.0102287 -0.0123813 -0.0077134 -0.0100999 -0.0109745 -0.0105327 -0.0113355 -0.0110380 -0.0105995 -0.0125229 -0.0105505 -0.0101024 -0.0086488 -0.0085558 -0.0123494 -0.0113804 -0.0115911 -0.0085281 -0.0101590 -0.0102576 -0.0116059 -0.0044162 -0.0103262 -0.0102295 -0.0110979 -0.0089130 -0.0113814 -0.0092454 -0.0100178 -0.0091626 -0.0122754 -0.0081306 -0.0117150 -0.0102042 -0.0093106 -0.0094141 -0.0099238 -0.0105272 -0.0109513 -0.0115070 -0.0095230 -0.0079375 -0.0095081 0.0516898 -0.0072919 -0.0103611 0.0885041 0.0897927 0.0896420 0.0845981 0.0859522 0.0587160 0.0840423 0.0848280 0.0902671 0.0852004 0.0873095 0.0840253 0.0845560 0.0855042 0.0875262 0.0904975 0.0876350 0.0898601 0.0868473 0.0872787 0.0844705 0.0846856 0.0882485 0.0862510 0.0851118 0.0893878 0.0864792 0.0834922 -0.0108040 -0.0093507 0.0155711 -0.0123195 -0.0106185 -0.0092818 -0.0071189 -0.0092693 -0.0097115 -0.0109933 -0.0111634 -0.0109493 -0.0101395 -0.0095767 -0.0101846 -0.0100841 -0.0092181 -0.0126409 -0.0108797 -0.0102867 -0.0116162 -0.0108392 -0.0079918 -0.0114529 -0.0104245 -0.0115827 -0.0089939 -0.0098148 -0.0104437 -0.0104476 -0.0125290 -0.0101468 -0.0103051 -0.0095969 -0.0111734 -0.0089691 -0.0103125 -0.0081703 -0.0116928 -0.0106306 -0.0105528 -0.0120218 -0.0094614 -0.0068141 -0.0108382 -0.0112212 -0.0115379 -0.0103816 -0.0092285 -0.0101358 -0.0103795 -0.0078153 -0.0097653 -0.0107795 -0.0091766 -0.0113899 -0.0113294 -0.0097765 -0.0108785 -0.0120693 -0.0097466 -0.0100541 -0.0097287 -0.0086371 -0.0095793 -0.0084803 -0.0106745 -0.0072462 -0.0119031 -0.0083084 -0.0089916 -0.0075476 -0.0090689 -0.0081558 -0.0104722 -0.0081762 -0.0092551 -0.0116952 -0.0103735 -0.0103190 -0.0101671 -0.0106149 -0.0111442 -0.0098963 -0.0099943 -0.0100039 -0.0119730 -0.0101663 -0.0106119 -0.0103344 -0.0085780 -0.0103720 -0.0108079 -0.0106503 -0.0103812 -0.0098812 -0.0083882 -0.0074660 -0.0105877 -0.0115962
-0.0087402 0.0500905 0.0608002 -0.0009019 -0.0058514 -0.0097557 -0.0090794 0.0518412 0.0448505 0.0440318 0.0542757 1.0290273 -0.0074676 -0.0118512 -0.0100456 -0.0113715 -0.0113312 0.0489109 -0.0079679 0.0385126 -0.0099000 -0.0116119 -0.0091011 -0.0088732 -0.0110627 -0.0116804 -0.0082310 -0.0111278 -0.0102673 -0.0123984 -0.0125505 -0.0087897 -0.0115262 -0.0088795 -0.0092721 -0.0111699 -0.0120089 -0.0098267 -0.0121274 -0.0132508 -0.0117589 -0.0102811 -0.0113261 -0.0099152 -0.0098174 -0.0135164 -0.0102467 -0.0107430 -0.0005289 -0.0083917 -0.0115823 -0.0111662 -0.0102010 -0.0111745 -0.0102803 -0.0132066 -0.0082582 -0.0107608 -0.0117696 -0.0110708 -0.0120182 -0.0118063 -0.0112308 -0.0130819 -0.0113410 -0.0111297 -0.0096159 -0.0087499 -0.0129657 -0.0119621 -0.0117472 -0.0092301 -0.0106908 -0.0105079 -0.0125597 -0.0043814 -0.0107759 -0.0111705 -0.0115265 -0.0094505 -0.0115726 -0.0094814 -0.0103247 -0.0097549 -0.0127945 -0.0089109 -0.0123144 -0.0107498 -0.0097492 -0.0103118 -0.0105140 -0.0112700 -0.0113565 -0.0121182 -0.0104175 -0.0084934 -0.0102077 0.0515227 -0.0075837 -0.0110800 0.0946211 0.0959758 0.0959921 0.0901229 0.0917975 0.0626694 0.0895720 0.0904854 0.0964210 0.0909454 0.0932141 0.0893356 0.0903669 0.0911559 0.0932313 0.0970164 0.0935550 0.0960424 0.0927714 0.0934289 0.0903951 0.0904922 0.0943457 0.0925121 0.0907976 0.0957237 0.0922437 0.0886387 -0.0113448 -0.0102830 0.0166419 -0.0131994 -0.0109042 -0.0094878 -0.0075773 -0.0096082 -0.0103006 -0.0120746 -0.0115301 -0.0115551 -0.0104122 -0.0102915 -0.0107394 -0.0102000 -0.0097990 -0.0133060 -0.0113279 -0.0107634 -0.0120333 -0.0113295 -0.0085741 -0.0117584 -0.0109846 -0.0118586 -0.0092771 -0.0108842 -0.0108446 -0.0113280 -0.0129946 -0.0106512 -0.0109920 -0.0097706 -0.0120472 -0.0095538 -0.0110328 -0.0082635 -0.0120426 -0.0111472 -0.0109558 -0.0128117 -0.0097820 -0.0074972 -0.0116442 -0.0118721 -0.0122862 -0.0108576 -0.0095878 -0.0110652 -0.0109474 -0.0081824 -0.0099708 -0.0113117 -0.0092335 -0.0122256 -0.0120997 -0.0103778 -0.0116056 -0.0129131 -0.0098610 -0.0101840 -0.0102850 -0.0091253 -0.0100852 -0.0089770 -0.0109954 -0.0076224 -0.0126480 -0.0083374 -0.0095443 -0.0082473 -0.0096319 -0.0088262 -0.0112994 -0.0088279 -0.0094936 -0.0119442 -0.0108175 -0.0107871 -0.0107333 -0.0111470 -0.0112879 -0.0102504 -0.0106975 -0.0107673 -0.0128799 -0.0108062 -0.0109277 -0.0109799 -0.0090932 -0.0109380 -0.0112807 -0.0110463 -0.0109957 -0.0105680 -0.0094735 -0.0079401 -0.0106270 -0.0122670
0.0075247 -0.0059749 -0.0065031 -0.0003438 0.0011630 0.0053603 0.0041907 -0.0059432 -0.0082788 -0.0053488 -0.0073136 -0.0074676 0.9673190 0.0088118 0.0037761 0.0015529 0.0056980 -0.0058307 -0.0019408 -0.0054255 0.0034711 0.0029345 0.0015746 -0.0008397 0.0071551 0.0014170 -0.0001050 0.0048606 0.0020283 0.0028492 0.0042738 0.0055730 0.0093645 -0.0022805 0.0057017 0.0037237 0.0029026 0.0050195 0.0047936 0.0080591 0.0069535 -0.0018991 0.0033173 0.0021814 0.0057010 0.0075924 0.0011092 -0.0006716 -0.0055762 0.0064883 0.0035256 0.0039401 0.0009381 0.0017316 0.0014439 0.0063315 -0.0013481 0.0014037 0.0057237 0.0045006 0.0043549 0.0033933 0.0059584 0.0041293 0.0062784 0.0014442 0.0033061 0.0004495 0.0031994 0.0055899 0.0023956 0.0017215 0.0081239 0.0088052 0.0033873 -0.0000880 0.0049144 -0.0004205 0.0065755 0.0024065 0.0052045 0.0061553 0.0021331 0.0039945 0.0028485 0.0030507 0.0030679 0.0045849 0.0062179 0.0059888 0.0062762 0.0041838 0.0061519 0.0028961 0.0030180 0.0038081 0.0061765 -0.0059444 0.0080742 0.0044033 -0.0700459 -0.0695630 -0.0704755 -0.0637973 -0.0671148 -0.0449379 -0.0637945 -0.0655520 -0.0706298 -0.0635614 -0.0675792 -0.0616993 -0.0652354 -0.0671996 -0.0688657 -0.0712522 -0.0696718 -0.0698333 -0.0676387 -0.0664335 -0.0664948 -0.0657815 -0.0695425 -0.0655354 -0.0666173 -0.0697663 -0.0667906 -0.0614609 0.0026048 0.0061241 -0.0138656 0.0087321 0.0043400 0.0052655 0.0011047 0.0032531 0.0019237 0.0077485 0.0065666 0.0016606 0.0031270 0.0045919 0.0047379 0.0011414 0.0063722 0.0050058 0.0044816 0.0033099 0.0034895 0.0029865 0.0036174 0.0068514 0.0031980 0.0050745 0.0011518 0.0003245 0.0013547 0.0066949 0.0027492 0.0018167 0.0036342 -0.0003632 0.0046407 -0.0004988 0.0076233 0.0030965 0.0055058 0.0021680 0.0046936 0.0028792 0.0025144 -0.0016798 0.0037093 0.0044283 0.0044926 0.0021291 0.0015144 0.0074727 0.0027257 0.0014255 -0.0003239 0.0039780 0.0032747 0.0042923 0.0034703 0.0023209 0.0028738 0.0051889 0.0051165 0.0040887 0.0057285 0.0062784 0.0044172 0.0014323 0.0055286 0.0088485 0.0025437 0.0058355 0.0044258 0.0080297 0.0103804 0.0085108 0.0049076 0.0055074 -0.0005285 0.0063177 0.0048010 0.0032560 -0.0011971 0.0085496 0.0041654 0.0075837 0.0011180 0.0035723 0.0038788 0.0035325 0.0020990 0.0013372 -0.0007339 0.0039845 0.0083052 0.0074282 0.0048761 0.0038346 0.0075210 0.0062297 0.0060905 0.0024635
0.0070971 -0.0097700 -0.0101985 0.0000489 0.0039298 0.0062184 0.0140268 -0.0098210 -0.0126338 -0.0093199 -0.0113831 -0.0118512 0.0088118 0.9528403 0.0058636 0.0073430 0.0091618 -0.0096853 0.0049689 -0.0084979 0.0074062 0.0065190 0.0047636 0.0045061 0.0045402 0.0045406 0.0028339 0.0090054 0.0043660 0.0100938 0.0090639 0.0066176 0.0095570 0.0011593 0.0031869 0.0062879 0.0089845 0.0069256 0.0081303 0.0114705 0.0096687 0.0041483 0.0078271 0.0041578 0.0061565 0.0088757 0.0035590 0.0063363 -0.0060078 0.0020849 0.0061153 0.0085849 0.0072305 0.0056732 0.0062857 0.0072832 0.0033856 0.0088967 0.0077926 0.0052475 0.0099945 0.0101032 0.0083898 0.0064833 0.0085876 0.0102570 0.0089907 0.0015032 0.0094420 0.0071546 0.0104397 0.0040106 0.0075750 0.0134427 0.0088050 -0.0002890 0.0048193 0.0109316 0.0094558 0.0048207 0.0113133 0.0078400 0.0086685 0.0104046 0.0077828 0.0038282 0.0094250 0.0049622 0.0084860 0.0048587 0.0090675 0.0098388 0.0090355 0.0084101 0.0068098 0.0046411 0.0066907 -0.0096692 0.0072889 0.0065251 -0.1060266 -0.1068744 -0.1071265 -0.0984250 -0.1027349 -0.0691817 -0.0975884 -0.0985416 -0.1078811 -0.0977738 -0.1032360 -0.0957655 -0.1010133 -0.1004705 -0.1046772 -0.1084341 -0.1056442 -0.1075961 -0.1025257 -0.1037126 -0.1006303 -0.1019963 -0.1056279 -0.1015546 -0.1011338 -0.1066571 -0.1020428 -0.0947147 0.0066812 0.0074673 -0.0227024 0.0110533 0.0091007 0.0078378 0.0045849 0.0032733 0.0074215 0.0072246 0.0101203 0.0041740 0.0055047 0.0069199 0.0069299 0.0039591 0.0109231 0.0087487 0.0081057 0.0069650 0.0094831 0.0096781 0.0034075 0.0075011 0.0060828 0.0079790 0.0045180 0.0091983 0.0085690 0.0104479 0.0082967 0.0103164 0.0110758 0.0085651 0.0088697 0.0049725 0.0068311 0.0006927 0.0098970 0.0055472 0.0084447 0.0107712 0.0053822 0.0029697 0.0106009 0.0066196 0.0056089 0.0080925 0.0062931 0.0083359 0.0067701 0.0044682 0.0057950 0.0078471 0.0065646 0.0092569 0.0101689 0.0050131 0.0073596 0.0072446 0.0076601 0.0073005 0.0047115 0.0052882 0.0052198 0.0075510 0.0069390 0.0094521 0.0081725 0.0036051 0.0063818 0.0099512 0.0082462 0.0099541 0.0073364 0.0074313 0.0065672 0.0116547 0.0121061 0.0085845 0.0054652 0.0056828 0.0070394 0.0097505 0.0143203 0.0087798 0.0121193 0.0110614 0.0071469 0.0117262 0.0032028 0.0093433 0.0076052 0.0084122 0.0129645 0.0100342 0.0107515 0.0111413 0.0063945 0.0078570
0.0120756 -0.0079814 -0.0078860 -0.0013421 0.0066082 0.0052807 0.0035489 -0.0077123 -0.0113703 -0.0069596 -0.0093287 -0.0100456 0.0037761 0.0058636 0.9470277 0.0102283 0.0079662 -0.0077470 0.0154546 -0.0076202 -0.0004002 0.0139985 0.0063496 0.0031480 0.0017760 0.0065172 -0.0012188 0.0045762 0.0042169 0.0061805 0.0052508 0.0045954 0.0076801 0.0145447 -0.0001544 0.0051893 0.0075656 0.0075173 0.0041579 0.0059114 0.0061698 0.0075672 0.0032921 0.0029379 0.0022344 0.0068416 0.0059571 0.0056866 -0.0088205 0.0023649 0.0057257 0.0051612 0.0111197 0.0051041 0.0045231 0.0058970 0.0107184 0.0021543 0.0061767 0.0100226 0.0084068 0.0055621 0.0052679 0.0074830 0.0094108 0.0109142 0.0029666 0.0151470 0.0081574 0.0078673 0.0052297 0.0065022 0.0052152 -0.0020240 0.0068349 -0.0009749 0.0071444 0.0047847 0.0059276 0.0074501 0.0086114 0.0073455 0.0034366 0.0040484 0.0119443 0.0057312 0.0072914 0.0033964 0.0098028 0.0076304 0.0031584 0.0093307 0.0072971 0.0069042 0.0122047 0.0104192 0.0075762 -0.0072608 0.0046745 0.0104313 -0.1062153 -0.1072416 -0.1092133 -0.1010120 -0.1021167 -0.0690827 -0.0985999 -0.0954300 -0.1080209 -0.0992157 -0.1038893 -0.0982532 -0.0994428 -0.1010411 -0.1046113 -0.1094362 -0.1050420 -0.1085547 -0.1031290 -0.1039979 -0.0997965 -0.0998784 -0.1053196 -0.1034770 -0.1015539 -0.1071132 -0.1013339 -0.0964777 0.0014172 0.0049031 -0.0198939 0.0072454 0.0108483 0.0112283 0.0099034 0.0106537 0.0052761 0.0075057 0.0063568 0.0093914 0.0014115 0.0070279 0.0048098 0.0051071 0.0091859 0.0048099 0.0045337 0.0074054 0.0064184 -0.0005952 0.0078249 0.0056178 0.0025586 0.0062853 0.0046937 0.0081067 0.0063516 0.0141940 0.0070588 0.0074882 0.0063267 0.0084440 0.0110864 0.0141835 0.0037529 0.0047515 0.0056266 0.0019500 0.0086528 0.0099657 0.0059018 0.0129546 0.0088446 0.0048823 0.0066720 0.0018886 0.0077516 0.0080414 0.0066656 0.0040863 0.0073810 0.0102044 0.0004446 0.0085730 0.0082443 0.0058583 0.0024841 0.0108081 0.0084510 0.0099545 0.0018350 0.0075489 0.0129895 0.0017827 0.0063159 0.0039460 0.0101843 0.0069414 0.0093817 0.0104645 0.0131388 0.0015480 0.0064555 0.0070265 0.0104737 0.0071952 0.0069710 0.0093708 0.0084284 0.0062988 0.0043650 0.0063399 0.0118004 0.0097628 0.0090969 0.0073550 0.0056222 0.0112300 0.0102364 0.0092045 0.0049634 0.0109106 0.0040353 0.0111227 0.0056328 0.0149187 0.0056229 0.0053353
0.0086544 -0.0097030 -0.0105704 -0.0020555 0.0040972 0.0082869 0.0049783 -0.0096665 -0.0113066 -0.0091446 -0.0110447 -0.0113715 0.0015529 0.0073430 0.0102283 0.9648280 0.0067443 -0.0093572 0.0073463 -0.0076254 0.0013278 0.0087633 0.0034821 0.0026483 0.0062659 0.0105356 0.0031337 0.0037473 0.0082983 0.0084800 0.0061083 0.0081460 0.0053261 0.0084425 0.0061795 0.0049411 0.0061139 0.0051818 0.0067565 0.0056405 0.0046353 0.0062608 0.0036433 0.0096154 0.0048455 0.0046624 0.0040548 0.0068127 -0.0030402 0.0055125 0.0074708 0.0048061 0.0096698 0.0036320 0.0066729 0.0068187 0.0047725 0.0052926 0.0072429 0.0082557 0.0084176 0.0043379 0.0046953 0.0084469 0.0087322 0.0044286 0.0009859 0.0000831 0.0116703 0.0073999 0.0057048 0.0064261 0.0041755 0.0044270 0.0056415 0.0005653 0.0021233 0.0039343 0.0088786 0.0018482 0.0052654 0.0086092 0.0026833 0.0051672 0.0070779 0.0076788 0.0055470 0.0063094 0.0057245 0.0087309 0.0062051 0.0083578 0.0044149 0.0085575 0.0081870 0.0033699 0.0081771 -0.0096075 0.0026562 0.0102503 -0.0877615 -0.0890330 -0.0892958 -0.0855206 -0.0862774 -0.0577072 -0.0830588 -0.0825859 -0.0900918 -0.0827973 -0.0869566 -0.0818160 -0.0829159 -0.0854159 -0.0861934 -0.0905674 -0.0879255 -0.0895145 -0.0857429 -0.0865515 -0.0826244 -0.0828961 -0.0882985 -0.0853752 -0.0834585 -0.0887497 -0.0864652 -0.0832339 0.0083143 0.0073684 -0.0150848 0.0082956 0.0060635 0.0104088 0.0065665 0.0066918 0.0057073 0.0068440 0.0064846 0.0082351 0.0044328 0.0041487 0.0028713 0.0047397 0.0050601 0.0056288 0.0046064 0.0064871 0.0047898 0.0052138 0.0065992 0.0049516 0.0067701 0.0060938 0.0027487 0.0057652 0.0071242 0.0040827 0.0066843 0.0046606 0.0047928 0.0041124 0.0094536 0.0046608 0.0044098 0.0064506 0.0058040 0.0049157 0.0081832 0.0078064 0.0089680 0.0093145 0.0034947 0.0072962 0.0067346 0.0043504 0.0041618 0.0068346 0.0055523 0.0051555 0.0045349 0.0044562 0.0040022 0.0058416 0.0088849 0.0065214 0.0071842 0.0053489 0.0058927 0.0075394 0.0085094 0.0079450 0.0088452 0.0047163 0.0086298 0.0044956 0.0077716 0.0071614 0.0078172 0.0037408 0.0068366 0.0045359 0.0074765 0.0071912 0.0056058 0.0057543 0.0054157 0.0098547 0.0071784 0.0054707 0.0053361 0.0051950 0.0069211 0.0062168 0.0067843 0.0052780 0.0088556 0.0085893 0.0011903 0.0056157 0.0053344 0.0084996 0.0067017 0.0043778 0.0029762 0.0037951 0.0053848 0.0084163
